1403715886.584058 86.955212
1403715886.634058 26.613456
1403715886.684058 25.420079
1403715886.734058 26.946934
1403715886.784058 20.009906
1403715886.834058 19.367976
1403715886.884058 18.412782
1403715886.934058 16.083679
1403715886.984058 17.618285
1403715887.034058 17.027436
1403715887.084058 17.403391
1403715887.134058 17.868237
1403715887.184058 16.690040
1403715887.234058 17.807117
1403715887.284058 17.430935
1403715887.334058 16.924955
1403715887.384058 20.020792
1403715887.434058 16.895214
1403715887.484058 16.200332
1403715887.534058 17.794424
1403715887.584058 16.449567
1403715887.634058 17.205016
1403715887.684058 18.998969
1403715887.734058 17.276806
1403715887.784058 17.427424
1403715887.834058 17.161585
1403715887.884058 18.244832
1403715887.934058 16.325483
1403715887.984058 17.576800
1403715888.034058 16.899948
1403715888.084058 18.132978
1403715888.134058 16.850605
1403715888.184058 17.109011
1403715888.234058 16.997368
1403715888.284058 18.568423
1403715888.334058 16.608087
1403715888.384058 18.411915
1403715888.434058 16.871446
1403715888.484058 17.884216
1403715888.534058 19.886328
1403715888.584058 16.975804
1403715888.634058 15.636034
1403715888.684058 18.209500
1403715888.734058 16.981385
1403715888.784058 18.147049
1403715888.834058 20.575008
1403715888.884058 17.365324
1403715888.934058 17.961773
1403715888.984058 18.543352
1403715889.034058 18.433004
1403715889.084058 21.881973
1403715889.134058 18.365420
1403715889.184058 18.590315
1403715889.234058 16.376749
1403715889.284058 20.851969
1403715889.334058 21.143702
1403715889.384058 21.148584
1403715889.434058 18.091522
1403715889.484058 18.977751
1403715889.534058 17.717191
1403715889.584058 17.395446
1403715889.634058 18.699207
1403715889.684058 18.124045
1403715889.734058 17.547809
1403715889.784058 18.573248
1403715889.834058 17.005946
1403715889.884058 23.048332
1403715889.934058 18.006652
1403715889.984058 25.443549
1403715890.034058 15.725760
1403715890.084058 17.556241
1403715890.134058 20.771940
1403715890.184058 18.016417
1403715890.234058 17.129270
1403715890.284058 18.233081
1403715890.334058 18.175299
1403715890.384058 18.196533
1403715890.434058 25.882624
1403715890.484058 26.311554
1403715890.534058 25.832168
1403715890.584058 18.276739
1403715890.634058 17.537979
1403715890.684058 18.822853
1403715890.734058 18.950722
1403715890.784058 18.159749
1403715890.834058 18.209639
1403715890.884058 19.249016
1403715890.934058 18.497029
1403715890.984058 17.664333
1403715891.034058 19.772289
1403715891.084058 18.986500
1403715891.134058 18.875799
1403715891.184058 18.213771
1403715891.234058 18.048218
1403715891.284058 19.039321
1403715891.334058 18.237366
1403715891.384058 18.831117
1403715891.434058 27.415100
1403715891.484058 18.470060
1403715891.534058 24.553689
1403715891.584058 18.551918
1403715891.634058 18.096892
1403715891.684058 18.373003
1403715891.734058 17.805792
1403715891.784058 17.961789
1403715891.834058 17.273696
1403715891.884058 17.852960
1403715891.934058 17.057904
1403715891.984058 17.028070
1403715892.034058 18.137989
1403715892.084058 18.917532
1403715892.134058 25.414070
1403715892.184058 28.105606
1403715892.234058 16.152309
1403715892.284058 26.315205
1403715892.334058 18.336739
1403715892.384058 27.109563
1403715892.434058 18.069689
1403715892.484058 18.165918
1403715892.534058 25.014512
1403715892.584058 19.526963
1403715892.634058 26.243402
1403715892.684058 17.756079
1403715892.734058 16.836167
1403715892.784058 28.337486
1403715892.834058 24.627688
1403715892.884058 19.465843
1403715892.934058 17.812776
1403715892.984058 26.250231
1403715893.034058 15.925760
1403715893.084058 24.499904
1403715893.134058 25.340285
1403715893.184058 26.003836
1403715893.234058 25.295472
1403715893.284058 28.110478
1403715893.334058 26.276510
1403715893.384058 25.718987
1403715893.434058 26.072671
1403715893.484058 29.751013
1403715893.534058 26.174354
1403715893.584058 26.865404
1403715893.634058 27.809259
1403715893.684058 27.776278
1403715893.734058 26.317200
1403715893.784058 23.735825
1403715893.834058 25.100387
1403715893.884058 25.130728
1403715893.934058 24.368008
1403715893.984058 24.777054
1403715894.034058 25.884695
1403715894.084058 25.716179
1403715894.134058 23.241863
1403715894.184058 24.311142
1403715894.234058 24.370170
1403715894.284058 22.332503
1403715894.334058 23.908992
1403715894.384058 23.701063
1403715894.434058 22.860831
1403715894.484058 30.714264
1403715894.534058 24.542259
1403715894.584058 23.513451
1403715894.634058 24.872861
1403715894.684058 24.306565
1403715894.734058 24.159890
1403715894.784058 23.927498
1403715894.834058 23.789638
1403715894.884058 23.922667
1403715894.934058 26.409729
1403715894.984058 30.375800
1403715895.034058 24.386974
1403715895.084058 26.443667
1403715895.134058 31.067937
1403715895.184058 26.112385
1403715895.234058 27.101240
1403715895.284058 26.730862
1403715895.334058 27.843230
1403715895.384058 34.448900
1403715895.434058 24.509233
1403715895.484058 23.023423
1403715895.534058 23.170665
1403715895.584058 23.228480
1403715895.634058 25.208361
1403715895.684058 22.809704
1403715895.734058 23.522355
1403715895.784058 21.037013
1403715895.834058 25.726305
1403715895.884058 22.602116
1403715895.934058 22.422051
1403715895.984058 21.039288
1403715896.034058 24.510829
1403715896.084058 21.767144
1403715896.134058 20.088596
1403715896.184058 22.491239
1403715896.234058 21.229777
1403715896.284058 21.530750
1403715896.334058 21.880756
1403715896.384058 23.988126
1403715896.434058 21.510230
1403715896.484058 23.461678
1403715896.534058 22.651831
1403715896.584058 21.593050
1403715896.634058 23.183967
1403715896.684058 21.103703
1403715896.734058 20.388239
1403715896.784058 22.788900
1403715896.834058 22.438726
1403715896.884058 21.207112
1403715896.934058 20.874257
1403715896.984058 22.119740
1403715897.034058 21.620600
1403715897.084058 21.707667
1403715897.134058 21.117419
1403715897.184058 20.461484
1403715897.234058 20.157168
1403715897.284058 21.245387
1403715897.334058 21.622213
1403715897.384058 21.528440
1403715897.434058 20.525047
1403715897.484058 28.623651
1403715897.534058 21.998750
1403715897.584058 29.135182
1403715897.634058 22.101088
1403715897.684058 29.302613
1403715897.734058 25.097400
1403715897.784058 23.171881
1403715897.834058 23.107336
1403715897.884058 22.185934
1403715897.934058 21.365761
1403715897.984058 21.481404
1403715898.034058 21.034400
1403715898.084058 22.278308
1403715898.134058 19.859820
1403715898.184058 22.485528
1403715898.234058 21.962955
1403715898.284058 21.350431
1403715898.334058 21.082066
1403715898.384058 21.368516
1403715898.434058 26.886358
1403715898.484058 28.656606
1403715898.534058 21.379435
1403715898.584058 20.610808
1403715898.634058 24.555276
1403715898.684058 22.532795
1403715898.734058 25.820533
1403715898.784058 24.513968
1403715898.834058 26.238850
1403715898.884058 27.195808
1403715898.934058 23.935150
1403715898.984058 23.853836
1403715899.034058 26.220777
1403715899.084058 24.083564
1403715899.134058 26.527422
1403715899.184058 23.572528
1403715899.234058 25.973295
1403715899.284058 24.001112
1403715899.334058 23.588031
1403715899.384058 23.605367
1403715899.434058 23.082132
1403715899.484058 23.429061
1403715899.534058 22.817388
1403715899.584058 22.440925
1403715899.634058 24.149411
1403715899.684058 26.639159
1403715899.734058 23.395959
1403715899.784058 21.991077
1403715899.834058 24.545990
1403715899.884058 30.738037
1403715899.934058 24.841151
1403715899.984058 23.979868
1403715900.034058 24.689072
1403715900.084058 23.841071
1403715900.134058 26.884291
1403715900.184058 22.874867
1403715900.234058 25.660804
1403715900.284058 26.983126
1403715900.334058 24.695016
1403715900.384058 27.254846
1403715900.434058 27.675519
1403715900.484058 32.753999
1403715900.534058 32.651055
1403715900.584058 33.216203
1403715900.634058 34.476246
1403715900.684058 30.097790
1403715900.734058 31.945423
1403715900.784058 35.703845
1403715900.834058 29.337391
1403715900.884058 30.935759
1403715900.934058 27.896725
1403715900.984058 25.608057
1403715901.034058 23.412069
1403715901.084058 29.429788
1403715901.134058 27.059982
1403715901.184058 27.185634
1403715901.234058 22.359069
1403715901.284058 29.215766
1403715901.334058 22.911712
1403715901.384058 21.973032
1403715901.434058 23.868586
1403715901.484058 21.285757
1403715901.534058 20.328216
1403715901.584058 22.026466
1403715901.634058 24.552075
1403715901.684058 20.719524
1403715901.734058 20.711610
1403715901.784058 20.749190
1403715901.834058 21.241044
1403715901.884058 22.401152
1403715901.934058 21.745029
1403715901.984058 22.477562
1403715902.034058 21.580569
1403715902.084058 22.132495
1403715902.134058 20.049329
1403715902.184058 22.159507
1403715902.234058 20.865889
1403715902.284058 21.446425
1403715902.334058 20.828036
1403715902.384058 22.808155
1403715902.434058 20.826318
1403715902.484058 23.997178
1403715902.534058 21.095455
1403715902.584058 21.974362
1403715902.634058 21.552956
1403715902.684058 38.665383
1403715902.734058 24.644634
1403715902.784058 23.210442
1403715902.834058 22.376546
1403715902.884058 21.683410
1403715902.934058 26.301797
1403715902.984058 26.459575
1403715903.034058 22.919867
1403715903.084058 28.764281
1403715903.134058 23.697127
1403715903.184058 26.133988
1403715903.234058 23.229237
1403715903.284058 25.973660
1403715903.334058 22.510077
1403715903.384058 29.244404
1403715903.434058 22.663824
1403715903.484058 23.752971
1403715903.534058 22.982303
1403715903.584058 28.228319
1403715903.634058 23.283449
1403715903.684058 26.998976
1403715903.734058 24.236508
1403715903.784058 26.584104
1403715903.834058 27.652135
1403715903.884058 28.043540
1403715903.934058 29.316044
1403715903.984058 33.936264
1403715904.034058 30.359373
1403715904.084058 28.134650
1403715904.134058 33.985690
1403715904.184058 26.762779
1403715904.234058 27.519408
1403715904.284058 25.033262
1403715904.334058 28.963442
1403715904.384058 26.026150
1403715904.434058 27.069400
1403715904.484058 24.221337
1403715904.534058 25.450469
1403715904.584058 26.224665
1403715904.634058 21.860267
1403715904.684058 23.200175
1403715904.734058 28.186823
1403715904.784058 22.878919
1403715904.834058 21.057568
1403715904.884058 22.363619
1403715904.934058 20.617850
1403715904.984058 24.671238
1403715905.034058 20.925156
1403715905.084058 22.181993
1403715905.134058 21.483781
1403715905.184058 25.656294
1403715905.234058 23.681161
1403715905.284058 25.246572
1403715905.334058 23.269872
1403715905.384058 24.033902
1403715905.434058 22.318082
1403715905.484058 22.256812
1403715905.534058 21.129202
1403715905.584058 22.516526
1403715905.634058 25.932154
1403715905.684058 23.062002
1403715905.734058 21.546989
1403715905.784058 22.526327
1403715905.834058 21.960636
1403715905.884058 23.401224
1403715905.934058 20.980385
1403715905.984058 23.238637
1403715906.034058 21.321597
1403715906.084058 23.086778
1403715906.134058 24.382001
1403715906.184058 24.681207
1403715906.234058 25.264036
1403715906.284058 25.553684
1403715906.334058 21.940573
1403715906.384058 24.601138
1403715906.434058 24.122598
1403715906.484058 31.188182
1403715906.534058 23.538799
1403715906.584058 23.718146
1403715906.634058 23.179183
1403715906.684058 25.253137
1403715906.734058 22.301520
1403715906.784058 23.692451
1403715906.834058 25.473369
1403715906.884058 25.616730
1403715906.934058 23.300047
1403715906.984058 26.157435
1403715907.034058 25.286419
1403715907.084058 24.783267
1403715907.134058 22.721549
1403715907.184058 25.395657
1403715907.234058 23.919702
1403715907.284058 23.263058
1403715907.334058 25.931756
1403715907.384058 22.740556
1403715907.434058 21.889203
1403715907.484058 23.568377
1403715907.534058 21.522465
1403715907.584058 23.719272
1403715907.634058 22.261174
1403715907.684058 24.157107
1403715907.734058 22.412329
1403715907.784058 22.455183
1403715907.834058 22.317592
1403715907.884058 24.002664
1403715907.934058 22.299949
1403715907.984058 27.441570
1403715908.034058 22.649388
1403715908.084058 23.342943
1403715908.134058 23.172082
1403715908.184058 27.807445
1403715908.234058 23.438441
1403715908.284058 23.320889
1403715908.334058 23.269463
1403715908.384058 27.141556
1403715908.434058 23.380601
1403715908.484058 24.711896
1403715908.534058 22.371634
1403715908.584058 24.428839
1403715908.634058 22.685240
1403715908.684058 24.956950
1403715908.734058 23.025120
1403715908.784058 28.759633
1403715908.834058 23.738993
1403715908.884058 25.673471
1403715908.934058 23.409176
1403715908.984058 27.417483
1403715909.034058 23.410193
1403715909.084058 26.775060
1403715909.134058 22.676914
1403715909.184058 27.792287
1403715909.234058 23.649715
1403715909.284058 26.639943
1403715909.334058 23.394575
1403715909.384058 27.038615
1403715909.434058 23.139803
1403715909.484058 26.250719
1403715909.534058 24.754791
1403715909.584058 23.918613
1403715909.634058 23.011251
1403715909.684058 23.228262
1403715909.734058 24.356933
1403715909.784058 26.398941
1403715909.834058 23.505559
1403715909.884058 25.150967
1403715909.934058 24.886612
1403715909.984058 26.784061
1403715910.034058 26.836798
1403715910.084058 27.517559
1403715910.134058 26.381926
1403715910.184058 29.356353
1403715910.234058 27.396735
1403715910.284058 27.726086
1403715910.334058 26.738335
1403715910.384058 27.120785
1403715910.434058 26.885208
1403715910.484058 26.974996
1403715910.534058 24.342336
1403715910.584058 32.008390
1403715910.634058 24.953730
1403715910.684058 25.864869
1403715910.734058 23.514264
1403715910.784058 23.760668
1403715910.834058 22.329822
1403715910.884058 22.139527
1403715910.934058 20.820650
1403715910.984058 20.986369
1403715911.034058 21.364165
1403715911.084058 21.432052
1403715911.134058 20.998084
1403715911.184058 21.586715
1403715911.234058 20.493455
1403715911.284058 20.772249
1403715911.334058 21.288311
1403715911.384058 21.681751
1403715911.434058 21.412700
1403715911.484058 27.094923
1403715911.534058 21.477569
1403715911.584058 22.301306
1403715911.634058 20.448166
1403715911.684058 26.490443
1403715911.734058 22.195184
1403715911.784058 27.588702
1403715911.834058 22.649509
1403715911.884058 22.969853
1403715911.934058 21.351275
1403715911.984058 22.118807
1403715912.034058 21.645159
1403715912.084058 25.823809
1403715912.134058 23.812429
1403715912.184058 21.619916
1403715912.234058 22.953938
1403715912.284058 24.758502
1403715912.334058 21.661036
1403715912.384058 23.454834
1403715912.434058 22.186109
1403715912.484058 21.965269
1403715912.534058 22.290598
1403715912.584058 24.606925
1403715912.634058 21.190368
1403715912.684058 24.034474
1403715912.734058 19.724158
1403715912.784058 24.224804
1403715912.834058 23.711977
1403715912.884058 23.417615
1403715912.934058 23.104347
1403715912.984058 25.769727
1403715913.034058 24.279090
1403715913.084058 22.294297
1403715913.134058 24.279889
1403715913.184058 23.261991
1403715913.234058 22.135292
1403715913.284058 23.457224
1403715913.334058 21.431961
1403715913.384058 23.144166
1403715913.434058 27.370503
1403715913.484058 23.828851
1403715913.534058 22.142615
1403715913.584058 24.547295
1403715913.634058 23.253366
1403715913.684058 23.968144
1403715913.734058 22.359944
1403715913.784058 25.832769
1403715913.834058 23.547522
1403715913.884058 23.199045
1403715913.934058 22.791558
1403715913.984058 23.170051
1403715914.034058 22.281505
1403715914.084058 23.674406
1403715914.134058 21.068353
1403715914.184058 23.361551
1403715914.234058 23.341784
1403715914.284058 23.466554
1403715914.334058 22.528268
1403715914.384058 26.142297
1403715914.434058 22.923389
1403715914.484058 27.003725
1403715914.534058 22.720575
1403715914.584058 24.777484
1403715914.634058 23.878179
1403715914.684058 26.333185
1403715914.734058 24.705354
1403715914.784058 25.466932
1403715914.834058 23.063908
1403715914.884058 23.543057
1403715914.934058 24.135488
1403715914.984058 24.043369
1403715915.034058 22.316254
1403715915.084058 25.839715
1403715915.134058 24.434786
1403715915.184058 23.650651
1403715915.234058 24.633127
1403715915.284058 23.796955
1403715915.334058 25.314375
1403715915.384058 23.299888
1403715915.434058 23.614640
1403715915.484058 28.090649
1403715915.534058 23.118562
1403715915.584058 27.614487
1403715915.634058 23.068101
1403715915.684058 22.980336
1403715915.734058 22.206321
1403715915.784058 22.711653
1403715915.834058 23.849445
1403715915.884058 24.843107
1403715915.934058 25.115735
1403715915.984058 25.475975
1403715916.034058 23.159245
1403715916.084058 26.549406
1403715916.134058 24.906112
1403715916.184058 25.254223
1403715916.234058 23.188789
1403715916.284058 28.094528
1403715916.334058 22.926293
1403715916.384058 23.413148
1403715916.434058 24.888498
1403715916.484058 31.446123
1403715916.534058 24.005476
1403715916.584058 33.545464
1403715916.634058 23.555192
1403715916.684058 23.423515
1403715916.734058 22.722242
1403715916.784058 20.970294
1403715916.834058 26.296875
1403715916.884058 22.786405
1403715916.934058 25.681554
1403715916.984058 25.985863
1403715917.034058 24.648559
1403715917.084058 24.508959
1403715917.134058 25.159272
1403715917.184058 25.667963
1403715917.234058 28.109326
1403715917.284058 25.329941
1403715917.334058 25.549579
1403715917.384058 25.527654
1403715917.434058 23.299299
1403715917.484058 28.572011
1403715917.534058 24.135878
1403715917.584058 29.270975
1403715917.634058 22.965532
1403715917.684058 23.553037
1403715917.734058 23.501616
1403715917.784058 25.052840
1403715917.834058 23.845513
1403715917.884058 23.950057
1403715917.934058 22.760520
1403715917.984058 24.410118
1403715918.034058 25.383140
1403715918.084058 31.009884
1403715918.134058 23.345281
1403715918.184058 24.541788
1403715918.234058 24.159893
1403715918.284058 23.932635
1403715918.334058 25.654898
1403715918.384058 22.905997
1403715918.434058 23.619209
1403715918.484058 25.190749
1403715918.534058 22.980625
1403715918.584058 26.583375
1403715918.634058 27.510656
1403715918.684058 26.308494
1403715918.734058 26.281712
1403715918.784058 28.937836
1403715918.834058 27.535456
1403715918.884058 26.931691
1403715918.934058 42.789896
1403715918.984058 29.171584
1403715919.034058 31.357448
1403715919.084058 26.789452
1403715919.134058 31.009620
1403715919.184058 25.046050
1403715919.234058 26.258248
1403715919.284058 25.298688
1403715919.334058 26.448218
1403715919.384058 25.206280
1403715919.434058 25.893945
1403715919.484058 25.306912
1403715919.534058 23.158290
1403715919.584058 23.614801
1403715919.634058 28.847319
1403715919.684058 26.101984
1403715919.734058 25.447499
1403715919.784058 25.649007
1403715919.834058 27.072271
1403715919.884058 23.957503
1403715919.934058 22.910390
1403715919.984058 23.594310
1403715920.034058 31.319832
1403715920.084058 24.840508
1403715920.134058 25.981173
1403715920.184058 29.059533
1403715920.234058 26.080327
1403715920.284058 26.777737
1403715920.334058 28.726298
1403715920.384058 26.962500
1403715920.434058 26.260916
1403715920.484058 26.154424
1403715920.534058 28.332006
1403715920.584058 23.171500
1403715920.634058 27.659313
1403715920.684058 59.791908
1403715920.734058 25.694511
1403715920.784058 26.279362
1403715920.834058 27.086919
1403715920.884058 26.557584
1403715920.934058 25.979772
1403715920.984058 25.692842
1403715921.034058 24.963742
1403715921.084058 26.921990
1403715921.134058 26.079887
1403715921.184058 23.966284
1403715921.234058 24.954490
1403715921.284058 28.179137
1403715921.334058 26.683701
1403715921.384058 24.526290
1403715921.434058 26.516146
1403715921.484058 29.545532
1403715921.534058 23.814652
1403715921.584058 26.725460
1403715921.634058 24.229537
1403715921.684058 24.802704
1403715921.734058 26.777309
1403715921.784058 33.911964
1403715921.834058 25.271354
1403715921.884058 31.477199
1403715921.934058 24.546779
1403715921.984058 25.407190
1403715922.034058 29.817018
1403715922.084058 28.821973
1403715922.134058 22.945137
1403715922.184058 24.471871
1403715922.234058 27.232641
1403715922.284058 25.343719
1403715922.334058 85.122119
1403715922.384058 29.522727
1403715922.434058 23.498172
1403715922.484058 24.140813
1403715922.534058 24.010136
1403715922.584058 26.278919
1403715922.634058 25.582173
1403715922.684058 24.941486
1403715922.734058 26.534959
1403715922.784058 25.919208
1403715922.834058 25.047593
1403715922.884058 29.757907
1403715922.934058 24.677616
1403715922.984058 25.897260
1403715923.034058 25.191260
1403715923.084058 24.347642
1403715923.134058 25.842761
1403715923.184058 25.747398
1403715923.234058 23.951908
1403715923.284058 25.983927
1403715923.334058 23.964740
1403715923.384058 27.576796
1403715923.434058 24.425076
1403715923.484058 24.245097
1403715923.534058 25.005057
1403715923.584058 26.461644
1403715923.634058 23.400389
1403715923.684058 23.343935
1403715923.734058 22.400495
1403715923.784058 23.233091
1403715923.834058 23.801558
1403715923.884058 23.613218
1403715923.934058 24.091194
1403715923.984058 24.770662
1403715924.034058 24.466616
1403715924.084058 23.999930
1403715924.134058 24.212831
1403715924.184058 23.398388
1403715924.234058 29.774088
1403715924.284058 23.520180
1403715924.334058 24.274618
1403715924.384058 25.517682
1403715924.434058 25.612239
1403715924.484058 24.172588
1403715924.534058 23.936928
1403715924.584058 23.652148
1403715924.634058 23.876827
1403715924.684058 23.314690
1403715924.734058 23.313534
1403715924.784058 22.466464
1403715924.834058 28.652486
1403715924.884058 23.186410
1403715924.934058 29.429784
1403715924.984058 33.892877
1403715925.034058 34.095968
1403715925.084058 25.438514
1403715925.134058 27.653400
1403715925.184058 27.321247
1403715925.234058 24.716647
1403715925.284058 25.357108
1403715925.334058 23.400840
1403715925.384058 27.322126
1403715925.434058 24.319634
1403715925.484058 24.038005
1403715925.534058 20.808161
1403715925.584058 27.253328
1403715925.634058 23.152689
1403715925.684058 28.813661
1403715925.734058 22.239156
1403715925.784058 22.565434
1403715925.834058 24.249234
1403715925.884058 23.991277
1403715925.934058 22.360675
1403715925.984058 21.648873
1403715926.034058 26.382882
1403715926.084058 21.864193
1403715926.134058 24.213182
1403715926.184058 23.203432
1403715926.234058 24.576031
1403715926.284058 24.167993
1403715926.334058 24.839324
1403715926.384058 22.651159
1403715926.434058 23.197293
1403715926.484058 27.809813
1403715926.534058 22.959676
1403715926.584058 23.748607
1403715926.634058 22.964837
1403715926.684058 25.173340
1403715926.734058 22.567698
1403715926.784058 29.588057
1403715926.834058 25.235077
1403715926.884058 26.377222
1403715926.934058 24.840965
1403715926.984058 23.274663
1403715927.034058 22.975175
1403715927.084058 24.933963
1403715927.134058 22.715219
1403715927.184058 22.251950
1403715927.234058 24.211283
1403715927.284058 24.565582
1403715927.334058 24.104776
1403715927.384058 24.524931
1403715927.434058 24.113295
1403715927.484058 22.782758
1403715927.534058 25.187352
1403715927.584058 24.902550
1403715927.634058 25.882614
1403715927.684058 23.790679
1403715927.734058 23.163951
1403715927.784058 24.001679
1403715927.834058 24.584972
1403715927.884058 26.990398
1403715927.934058 24.811004
1403715927.984058 28.546605
1403715928.034058 24.809477
1403715928.084058 25.029284
1403715928.134058 26.478497
1403715928.184058 23.968174
1403715928.234058 27.426007
1403715928.284058 24.029005
1403715928.334058 25.834467
1403715928.384058 23.578434
1403715928.434058 23.952526
1403715928.484058 23.169287
1403715928.534058 25.821424
1403715928.584058 23.681416
1403715928.634058 26.060508
1403715928.684058 30.686522
1403715928.734058 30.688419
1403715928.784058 32.482853
1403715928.834058 25.794898
1403715928.884058 42.799753
1403715928.934058 24.419533
1403715928.984058 24.241711
1403715929.034058 24.552241
1403715929.084058 26.428528
1403715929.134058 22.973569
1403715929.184058 24.458003
1403715929.234058 25.328960
1403715929.284058 23.232660
1403715929.334058 26.124557
1403715929.384058 24.189287
1403715929.434058 24.123920
1403715929.484058 29.140487
1403715929.534058 25.097562
1403715929.584058 30.566380
1403715929.634058 29.023150
1403715929.684058 25.287572
1403715929.734058 27.908011
1403715929.784058 24.213878
1403715929.834058 29.677650
1403715929.884058 24.249052
1403715929.934058 28.431509
1403715929.984058 24.870924
1403715930.034058 23.198084
1403715930.084058 24.390647
1403715930.134058 23.787817
1403715930.184058 23.350573
1403715930.234058 23.249029
1403715930.284058 27.212418
1403715930.334058 23.837672
1403715930.384058 22.842061
1403715930.434058 23.505632
1403715930.484058 23.558793
1403715930.534058 22.472083
1403715930.584058 24.437369
1403715930.634058 26.292389
1403715930.684058 22.522291
1403715930.734058 24.775034
1403715930.784058 24.134043
1403715930.834058 24.958177
1403715930.884058 23.775323
1403715930.934058 25.672977
1403715930.984058 23.428345
1403715931.034058 24.155109
1403715931.084058 24.291366
1403715931.134058 26.514326
1403715931.184058 23.816981
1403715931.234058 24.832752
1403715931.284058 25.482626
1403715931.334058 24.288563
1403715931.384058 24.060350
1403715931.434058 24.037710
1403715931.484058 31.560319
1403715931.534058 30.430603
1403715931.584058 31.824048
1403715931.634058 29.370705
1403715931.684058 33.479613
1403715931.734058 32.967031
1403715931.784058 25.343014
1403715931.834058 27.555754
1403715931.884058 27.124735
1403715931.934058 25.883488
1403715931.984058 26.362404
1403715932.034058 29.030956
1403715932.084058 25.568532
1403715932.134058 25.066954
1403715932.184058 23.977259
1403715932.234058 27.061509
1403715932.284058 24.153833
1403715932.334058 26.404295
1403715932.384058 23.935577
1403715932.434058 23.108018
1403715932.484058 23.661525
1403715932.534058 24.237363
1403715932.584058 24.296012
1403715932.634058 23.435629
1403715932.684058 22.720358
1403715932.734058 25.612105
1403715932.784058 22.405243
1403715932.834058 23.084980
1403715932.884058 24.125259
1403715932.934058 24.785297
1403715932.984058 23.244773
1403715933.034058 25.876910
1403715933.084058 22.463059
1403715933.134058 25.642341
1403715933.184058 29.687666
1403715933.234058 29.055509
1403715933.284058 32.531957
1403715933.334058 24.520075
1403715933.384058 27.256025
1403715933.434058 24.696658
1403715933.484058 33.448395
1403715933.534058 26.593606
1403715933.584058 23.803964
1403715933.634058 23.134473
1403715933.684058 22.428973
1403715933.734058 22.273726
1403715933.784058 23.955998
1403715933.834058 23.144642
1403715933.884058 24.598344
1403715933.934058 25.095129
1403715933.984058 26.571776
1403715934.034058 28.695293
1403715934.084058 35.760677
1403715934.134058 32.324345
1403715934.184058 29.819881
1403715934.234058 28.459742
1403715934.284058 39.933130
1403715934.334058 28.028457
1403715934.384058 28.295928
1403715934.434058 25.734534
1403715934.484058 31.422526
1403715934.534058 22.283455
1403715934.584058 23.248192
1403715934.634058 25.172062
1403715934.684058 22.730520
1403715934.734058 23.529933
1403715934.784058 22.305656
1403715934.834058 24.104208
1403715934.884058 22.467443
1403715934.934058 23.964968
1403715934.984058 23.554266
1403715935.034058 24.204154
1403715935.084058 32.075823
1403715935.134058 27.791596
1403715935.184058 26.348658
1403715935.234058 23.179215
1403715935.284058 29.265803
1403715935.334058 24.362352
1403715935.384058 23.435846
1403715935.434058 23.095326
1403715935.484058 28.008389
1403715935.534058 22.361045
1403715935.584058 23.194076
1403715935.634058 23.715661
1403715935.684058 24.599712
1403715935.734058 23.786075
1403715935.784058 24.334419
1403715935.834058 21.689433
1403715935.884058 21.970059
1403715935.934058 24.860885
1403715935.984058 23.623488
1403715936.034058 23.625643
1403715936.084058 24.536515
1403715936.134058 24.415641
1403715936.184058 25.151829
1403715936.234058 27.718062
1403715936.284058 31.341227
1403715936.334058 25.908119
1403715936.384058 26.979330
1403715936.434058 24.724049
1403715936.484058 23.276436
1403715936.534058 23.677763
1403715936.584058 23.802712
1403715936.634058 28.091883
1403715936.684058 21.933655
1403715936.734058 27.515115
1403715936.784058 22.734856
1403715936.834058 23.897836
1403715936.884058 23.976362
1403715936.934058 25.914017
1403715936.984058 21.967551
1403715937.034058 24.546372
1403715937.084058 25.059861
1403715937.134058 24.812245
1403715937.184058 24.631725
1403715937.234058 24.674434
1403715937.284058 32.055789
1403715937.334058 23.411372
1403715937.384058 23.028230
1403715937.434058 23.084760
1403715937.484058 23.473569
1403715937.534058 23.699973
1403715937.584058 24.074739
1403715937.634058 25.418226
1403715937.684058 25.271913
1403715937.734058 27.303183
1403715937.784058 26.686042
1403715937.834058 25.757146
1403715937.884058 23.503841
1403715937.934058 22.794875
1403715937.984058 26.490935
1403715938.034058 25.146724
1403715938.084058 23.846798
1403715938.134058 24.277450
1403715938.184058 26.555919
1403715938.234058 24.951825
1403715938.284058 25.486949
1403715938.334058 24.799413
1403715938.384058 28.272689
1403715938.434058 25.923194
1403715938.484058 25.063532
1403715938.534058 24.337547
1403715938.584058 24.726666
1403715938.634058 25.557894
1403715938.684058 25.447678
1403715938.734058 24.699928
1403715938.784058 24.265921
1403715938.834058 26.721930
1403715938.884058 25.111703
1403715938.934058 24.502198
1403715938.984058 26.001384
1403715939.034058 27.214471
1403715939.084058 23.808362
1403715939.134058 27.168660
1403715939.184058 22.896217
1403715939.234058 26.771256
1403715939.284058 27.550644
1403715939.334058 26.713255
1403715939.384058 24.527371
1403715939.434058 26.156128
1403715939.484058 24.008043
1403715939.534058 28.224648
1403715939.584058 26.717312
1403715939.634058 24.580297
1403715939.684058 30.839628
1403715939.734058 24.879409
1403715939.784058 23.730367
1403715939.834058 24.446239
1403715939.884058 23.917916
1403715939.934058 22.533222
1403715939.984058 24.123165
1403715940.034058 23.439314
1403715940.084058 23.325470
1403715940.134058 23.604526
1403715940.184058 26.831568
1403715940.234058 25.042051
1403715940.284058 26.379903
1403715940.334058 23.977177
1403715940.384058 24.147916
1403715940.434058 24.170855
1403715940.484058 23.212907
1403715940.534058 23.709740
1403715940.584058 22.890713
1403715940.634058 24.936251
1403715940.684058 24.422352
1403715940.734058 24.286218
1403715940.784058 22.997869
1403715940.834058 24.140093
1403715940.884058 25.429217
1403715940.934058 28.024403
1403715940.984058 24.928315
1403715941.034058 25.917113
1403715941.084058 32.384658
1403715941.134058 25.189823
1403715941.184058 28.355941
1403715941.234058 26.531161
1403715941.284058 25.287522
1403715941.334058 27.013500
1403715941.384058 31.714824
1403715941.434058 27.631380
1403715941.484058 25.965481
1403715941.534058 25.808882
1403715941.584058 23.716557
1403715941.634058 24.846652
1403715941.684058 29.375223
1403715941.734058 23.882917
1403715941.784058 27.919310
1403715941.834058 23.615709
1403715941.884058 23.282843
1403715941.934058 23.862008
1403715941.984058 25.637439
1403715942.034058 25.165701
1403715942.084058 23.880560
1403715942.134058 22.266057
1403715942.184058 22.953277
1403715942.234058 25.616900
1403715942.284058 25.167907
1403715942.334058 23.634938
1403715942.384058 29.263607
1403715942.434058 24.591569
1403715942.484058 26.815073
1403715942.534058 26.607547
1403715942.584058 25.866906
1403715942.634058 22.348609
1403715942.684058 23.604122
1403715942.734058 23.037943
1403715942.784058 22.711689
1403715942.834058 25.718109
1403715942.884058 23.840027
1403715942.934058 23.334131
1403715942.984058 30.964612
1403715943.034058 23.947828
1403715943.084058 30.032963
1403715943.134058 23.726022
1403715943.184058 22.308171
1403715943.234058 24.209126
1403715943.284058 23.998162
1403715943.334058 23.461595
1403715943.384058 32.563963
1403715943.434058 24.446872
1403715943.484058 32.051097
1403715943.534058 25.415710
1403715943.584058 33.413650
1403715943.634058 24.002120
1403715943.684058 24.872273
1403715943.734058 24.861432
1403715943.784058 25.448835
1403715943.834058 26.889597
1403715943.884058 23.937863
1403715943.934058 23.790946
1403715943.984058 26.567754
1403715944.034058 25.081999
1403715944.084058 23.457174
1403715944.134058 23.573607
1403715944.184058 25.221171
1403715944.234058 27.675999
1403715944.284058 26.852650
1403715944.334058 26.792989
1403715944.384058 26.215642
1403715944.434058 23.417588
1403715944.484058 23.113677
1403715944.534058 23.120957
1403715944.584058 23.537746
1403715944.634058 23.648178
1403715944.684058 31.650741
1403715944.734058 26.182722
1403715944.784058 35.705310
1403715944.834058 26.565757
1403715944.884058 24.286980
1403715944.934058 27.746582
1403715944.984058 35.425227
1403715945.034058 31.299640
1403715945.084058 35.275637
1403715945.134058 30.471324
1403715945.184058 25.357519
1403715945.234058 26.110831
1403715945.284058 24.665984
1403715945.334058 25.864999
1403715945.384058 30.249603
1403715945.434058 26.765150
1403715945.484058 24.339757
1403715945.534058 25.134729
1403715945.584058 24.163821
1403715945.634058 29.011184
1403715945.684058 25.588972
1403715945.734058 26.502603
1403715945.784058 32.257372
1403715945.834058 32.095217
1403715945.884058 25.809745
1403715945.934058 27.538668
1403715945.984058 24.089256
1403715946.034058 26.040011
1403715946.084058 24.448486
1403715946.134058 22.014116
1403715946.184058 22.822135
1403715946.234058 30.358921
1403715946.284058 29.826776
1403715946.334058 32.087963
1403715946.384058 28.946397
1403715946.434058 25.251888
1403715946.484058 27.473589
1403715946.534058 26.020277
1403715946.584058 32.662704
1403715946.634058 28.407596
1403715946.684058 25.052012
1403715946.734058 26.927504
1403715946.784058 24.845450
1403715946.834058 23.545465
1403715946.884058 25.267818
1403715946.934058 22.029174
1403715946.984058 22.725042
1403715947.034058 26.196204
1403715947.084058 22.933843
1403715947.134058 20.990464
1403715947.184058 21.246890
1403715947.234058 21.204229
1403715947.284058 22.105979
1403715947.334058 25.192141
1403715947.384058 21.082359
1403715947.434058 28.686714
1403715947.484058 20.583177
1403715947.534058 24.178661
1403715947.584058 20.617713
1403715947.634058 23.070650
1403715947.684058 20.614181
1403715947.734058 22.076407
1403715947.784058 22.849168
1403715947.834058 20.996904
1403715947.884058 22.625594
1403715947.934058 30.892949
1403715947.984058 30.707482
1403715948.034058 24.091290
1403715948.084058 25.242903
1403715948.134058 22.116659
1403715948.184058 25.530949
1403715948.234058 23.276488
1403715948.284058 31.449987
1403715948.334058 23.628885
1403715948.384058 29.784851
1403715948.434058 23.540241
1403715948.484058 24.177397
1403715948.534058 26.620092
1403715948.584058 30.203976
1403715948.634058 28.593791
1403715948.684058 31.492887
1403715948.734058 27.529989
1403715948.784058 25.170023
1403715948.834058 30.131563
1403715948.884058 25.837985
1403715948.934058 25.381235
1403715948.984058 33.282499
1403715949.034058 23.618562
1403715949.084058 23.700231
1403715949.134058 26.110140
1403715949.184058 22.413736
1403715949.234058 24.637154
1403715949.284058 23.448920
1403715949.334058 24.186457
1403715949.384058 20.809123
1403715949.434058 27.282497
1403715949.484058 27.715082
1403715949.534058 28.378031
1403715949.584058 27.414526
1403715949.634058 25.485146
1403715949.684058 27.917005
1403715949.734058 23.386879
1403715949.784058 24.155835
1403715949.834058 26.238465
1403715949.884058 23.890961
1403715949.934058 23.136136
1403715949.984058 23.476366
1403715950.034058 24.080161
1403715950.084058 32.823065
1403715950.134058 24.833096
1403715950.184058 25.796521
1403715950.234058 24.935800
1403715950.284058 24.135111
1403715950.334058 29.075952
1403715950.384058 26.423001
1403715950.434058 26.277771
1403715950.484058 34.033805
1403715950.534058 26.650742
1403715950.584058 25.099050
1403715950.634058 24.954273
1403715950.684058 23.311024
1403715950.734058 23.232875
1403715950.784058 22.613475
1403715950.834058 21.275370
1403715950.884058 20.598504
1403715950.934058 23.712785
1403715950.984058 21.026496
1403715951.034058 19.744046
1403715951.084058 22.207431
1403715951.134058 20.358533
1403715951.184058 21.138333
1403715951.234058 19.417139
1403715951.284058 22.101488
1403715951.334058 20.407399
1403715951.384058 29.943893
1403715951.434058 25.680831
1403715951.484058 26.429248
1403715951.534058 26.263812
1403715951.584058 25.070569
1403715951.634058 25.280784
1403715951.684058 26.818548
1403715951.734058 24.665003
1403715951.784058 26.011867
1403715951.834058 26.065821
1403715951.884058 25.395109
1403715951.934058 26.940880
1403715951.984058 30.825399
1403715952.034058 29.154326
1403715952.084058 33.070554
1403715952.134058 26.241102
1403715952.184058 27.080850
1403715952.234058 26.833635
1403715952.284058 30.159064
1403715952.334058 25.451813
1403715952.384058 25.549961
1403715952.434058 25.188901
1403715952.484058 25.701806
1403715952.534058 26.460090
1403715952.584058 28.295790
1403715952.634058 26.118507
1403715952.684058 24.887994
1403715952.734058 27.502463
1403715952.784058 24.299946
1403715952.834058 22.895083
1403715952.884058 24.375570
1403715952.934058 22.952831
1403715952.984058 25.573049
1403715953.034058 25.197405
1403715953.084058 22.983579
1403715953.134058 21.976816
1403715953.184058 22.221045
1403715953.234058 21.051821
1403715953.284058 22.529575
1403715953.334058 21.833768
1403715953.384058 22.451238
1403715953.434058 21.070799
1403715953.484058 23.295366
1403715953.534058 20.163319
1403715953.584058 21.371656
1403715953.634058 24.212374
1403715953.684058 25.464096
1403715953.734058 20.882551
1403715953.784058 26.387228
1403715953.834058 25.240687
1403715953.884058 29.155128
1403715953.934058 22.747308
1403715953.984058 24.980300
1403715954.034058 27.765457
1403715954.084058 30.049174
1403715954.134058 25.278061
1403715954.184058 28.143390
1403715954.234058 26.395636
1403715954.284058 25.032758
1403715954.334058 22.778003
1403715954.384058 25.943270
1403715954.434058 43.492989
1403715954.484058 25.127749
1403715954.534058 24.031086
1403715954.584058 23.916607
1403715954.634058 21.848746
1403715954.684058 24.642072
1403715954.734058 22.542585
1403715954.784058 22.470099
1403715954.834058 21.386700
1403715954.884058 25.165804
1403715954.934058 20.971982
1403715954.984058 23.707847
1403715955.034058 23.021244
1403715955.084058 26.763211
1403715955.134058 21.748605
1403715955.184058 21.938944
1403715955.234058 21.576651
1403715955.284058 22.569538
1403715955.334058 21.171530
1403715955.384058 22.320020
1403715955.434058 26.682769
1403715955.484058 25.727989
1403715955.534058 24.643996
1403715955.584058 27.399226
1403715955.634058 25.566339
1403715955.684058 24.351934
1403715955.734058 26.887177
1403715955.784058 27.453735
1403715955.834058 33.546272
1403715955.884058 28.218293
1403715955.934058 26.336529
1403715955.984058 24.621017
1403715956.034058 26.113924
1403715956.084058 32.858451
1403715956.134058 25.099836
1403715956.184058 29.228420
1403715956.234058 23.079052
1403715956.284058 22.071714
1403715956.334058 27.782051
1403715956.384058 27.385350
1403715956.434058 24.012501
1403715956.484058 25.131553
1403715956.534058 23.945327
1403715956.584058 24.584292
1403715956.634058 25.504711
1403715956.684058 23.811600
1403715956.734058 22.744793
1403715956.784058 22.662663
1403715956.834058 23.480578
1403715956.884058 24.644278
1403715956.934058 22.458065
1403715956.984058 23.587429
1403715957.034058 23.792984
1403715957.084058 22.194154
1403715957.134058 23.019928
1403715957.184058 30.977826
1403715957.234058 27.810554
1403715957.284058 27.205130
1403715957.334058 23.294345
1403715957.384058 29.017152
1403715957.434058 22.996248
1403715957.484058 23.968124
1403715957.534058 25.972932
1403715957.584058 27.363052
1403715957.634058 24.572648
1403715957.684058 28.106024
1403715957.734058 27.093612
1403715957.784058 26.467616
1403715957.834058 25.051172
1403715957.884058 25.893054
1403715957.934058 26.363875
1403715957.984058 27.055255
1403715958.034058 26.643296
1403715958.084058 24.602469
1403715958.134058 28.703614
1403715958.184058 25.905562
1403715958.234058 23.957264
1403715958.284058 24.246102
1403715958.334058 22.528265
1403715958.384058 24.837319
1403715958.434058 24.203999
1403715958.484058 23.654083
1403715958.534058 23.813844
1403715958.584058 25.271957
1403715958.634058 24.170359
1403715958.684058 30.358149
1403715958.734058 24.303160
1403715958.784058 31.554137
1403715958.834058 23.845546
1403715958.884058 23.624755
1403715958.934058 24.030200
1403715958.984058 24.065922
1403715959.034058 24.462466
1403715959.084058 24.325223
1403715959.134058 23.651792
1403715959.184058 26.571617
1403715959.234058 23.510250
1403715959.284058 22.948309
1403715959.334058 27.873964
1403715959.384058 24.174953
1403715959.434058 25.322745
1403715959.484058 25.998357
1403715959.534058 24.259988
1403715959.584058 25.490293
1403715959.634058 26.467258
1403715959.684058 25.547795
1403715959.734058 24.070029
1403715959.784058 27.006023
1403715959.834058 24.545321
1403715959.884058 23.599633
1403715959.934058 26.522001
1403715959.984058 23.628610
1403715960.034058 25.781862
1403715960.084058 25.820432
1403715960.134058 24.739298
1403715960.184058 22.865225
1403715960.234058 26.503339
1403715960.284058 26.794921
1403715960.334058 23.980010
1403715960.384058 33.473783
1403715960.434058 23.247813
1403715960.484058 23.609805
1403715960.534058 23.276409
1403715960.584058 21.841149
1403715960.634058 26.057575
1403715960.684058 23.752391
1403715960.734058 22.621295
1403715960.784058 24.268568
1403715960.834058 26.245582
1403715960.884058 24.420359
1403715960.934058 25.184787
1403715960.984058 26.384448
1403715961.034058 25.479477
1403715961.084058 23.218114
1403715961.134058 28.972628
1403715961.184058 26.241545
1403715961.234058 23.939619
1403715961.284058 52.161762
1403715961.334058 25.358255
1403715961.384058 25.025714
1403715961.434058 26.574297
1403715961.484058 23.782538
1403715961.534058 24.853102
1403715961.584058 28.365447
1403715961.634058 25.294723
1403715961.684058 22.821522
1403715961.734058 26.224252
1403715961.784058 27.329984
1403715961.834058 23.776110
1403715961.884058 26.442557
1403715961.934058 24.231263
1403715961.984058 27.914793
1403715962.034058 54.252097
1403715962.084058 26.896716
1403715962.134058 23.509934
1403715962.184058 23.813599
1403715962.234058 23.771428
1403715962.284058 25.738330
1403715962.334058 23.644160
1403715962.384058 26.227845
1403715962.434058 24.895304
1403715962.484058 23.569098
1403715962.534058 22.819698
1403715962.584058 24.979346
1403715962.634058 22.803019
1403715962.684058 25.173841
1403715962.734058 22.663757
1403715962.784058 26.657993
1403715962.834058 24.723058
1403715962.884058 23.446996
1403715962.934058 24.916734
1403715962.984058 25.441549
1403715963.034058 24.632732
1403715963.084058 26.767207
1403715963.134058 24.586406
1403715963.184058 28.359818
1403715963.234058 28.052170
1403715963.284058 25.598131
1403715963.334058 26.108900
1403715963.384058 28.560571
1403715963.434058 30.188589
1403715963.484058 26.761066
1403715963.534058 32.074431
1403715963.584058 24.604581
1403715963.634058 31.773231
1403715963.684058 28.606427
1403715963.734058 25.882473
1403715963.784058 28.533718
1403715963.834058 25.947725
1403715963.884058 24.712796
1403715963.934058 25.331563
1403715963.984058 29.534989
1403715964.034058 25.056862
1403715964.084058 25.119501
1403715964.134058 30.199231
1403715964.184058 24.309694
1403715964.234058 25.672029
1403715964.284058 26.208696
1403715964.334058 24.754331
1403715964.384058 24.156946
1403715964.434058 25.897635
1403715964.484058 24.250894
1403715964.534058 22.994828
1403715964.584058 23.521675
1403715964.634058 21.999190
1403715964.684058 23.562504
1403715964.734058 25.985760
1403715964.784058 24.715212
1403715964.834058 29.000636
1403715964.884058 28.377454
1403715964.934058 24.532451
1403715964.984058 23.625450
1403715965.034058 25.273824
1403715965.084058 25.314571
1403715965.134058 24.989380
1403715965.184058 37.656855
1403715965.234058 24.149950
1403715965.284058 23.424227
1403715965.334058 31.599674
1403715965.384058 23.517914
1403715965.434058 23.748117
1403715965.484058 33.897462
1403715965.534058 28.055084
1403715965.584058 26.171870
1403715965.634058 23.293443
1403715965.684058 23.812821
1403715965.734058 23.279432
1403715965.784058 27.173315
1403715965.834058 23.292548
1403715965.884058 28.380155
1403715965.934058 26.344358
1403715965.984058 24.929795
1403715966.034058 22.950166
1403715966.084058 26.491554
1403715966.134058 24.449735
1403715966.184058 23.153604
1403715966.234058 26.174537
1403715966.284058 23.689426
1403715966.334058 24.890826
1403715966.384058 28.957829
1403715966.434058 23.122125
1403715966.484058 30.152960
1403715966.534058 27.017184
1403715966.584058 24.168058
1403715966.634058 22.985035
1403715966.684058 33.201027
1403715966.734058 21.224641
1403715966.784058 22.086227
1403715966.834058 26.451528
1403715966.884058 46.082677
1403715966.934058 22.789594
1403715966.984058 30.157332
1403715967.034058 25.247412
1403715967.084058 27.731401
1403715967.134058 24.884286
1403715967.184058 25.243597
1403715967.234058 24.500075
1403715967.284058 31.832131
1403715967.334058 25.078410
1403715967.384058 25.265189
1403715967.434058 27.488948
1403715967.484058 25.155504
1403715967.534058 23.069251
1403715967.584058 24.691357
1403715967.634058 23.180948
1403715967.684058 25.739998
1403715967.734058 23.631223
1403715967.784058 25.717344
1403715967.834058 22.593106
1403715967.884058 25.275538
1403715967.934058 24.231716
1403715967.984058 24.900852
1403715968.034058 28.474334
1403715968.084058 25.595396
1403715968.134058 23.744992
1403715968.184058 45.558249
1403715968.234058 25.960896
1403715968.284058 27.470872
1403715968.334058 24.983689
1403715968.384058 25.640717
1403715968.434058 27.723205
1403715968.484058 25.399508
1403715968.534058 24.348796
1403715968.584058 23.246904
1403715968.634058 24.996453
1403715968.684058 24.352552
1403715968.734058 22.100574
1403715968.784058 25.249717
1403715968.834058 29.781532
1403715968.884058 32.203445
1403715968.934058 23.953502
1403715968.984058 30.413726
1403715969.034058 24.708953
1403715969.084058 25.043302
1403715969.134058 23.853526
1403715969.184058 23.125415
1403715969.234058 26.788231
1403715969.284058 24.790378
1403715969.334058 23.612796
1403715969.384058 28.086433
1403715969.434058 24.874570
1403715969.484058 25.599801
1403715969.534058 23.816855
1403715969.584058 22.777857
1403715969.634058 22.944042
1403715969.684058 28.166810
1403715969.734058 24.113802
1403715969.784058 25.488438
1403715969.834058 26.209569
1403715969.884058 24.516754
1403715969.934058 24.163768
1403715969.984058 25.395486
1403715970.034058 23.694887
1403715970.084058 28.633184
1403715970.134058 26.164472
1403715970.184058 25.260093
1403715970.234058 22.323471
1403715970.284058 27.670610
1403715970.334058 23.659155
1403715970.384058 25.345958
1403715970.434058 23.277559
1403715970.484058 23.326053
1403715970.534058 26.631627
1403715970.584058 25.276699
1403715970.634058 23.756578
1403715970.684058 23.537178
1403715970.734058 26.100620
1403715970.784058 24.030243
1403715970.834058 23.038722
1403715970.884058 28.150745
1403715970.934058 23.749192
1403715970.984058 23.741036
1403715971.034058 23.450940
1403715971.084058 23.170709
1403715971.134058 22.800174
1403715971.184058 23.899424
1403715971.234058 22.445675
1403715971.284058 23.661185
1403715971.334058 23.811965
1403715971.384058 24.729654
1403715971.434058 24.501510
1403715971.484058 30.684647
1403715971.534058 24.179145
1403715971.584058 23.189988
1403715971.634058 27.382879
1403715971.684058 23.918978
1403715971.734058 22.627080
1403715971.784058 24.918254
1403715971.834058 23.591312
1403715971.884058 24.841038
1403715971.934058 22.221343
1403715971.984058 30.534874
1403715972.034058 28.570133
1403715972.084058 26.629769
1403715972.134058 24.004045
1403715972.184058 23.095931
1403715972.234058 23.520340
1403715972.284058 27.168450
1403715972.334058 22.710583
1403715972.384058 21.826415
1403715972.434058 25.478869
1403715972.484058 31.463711
1403715972.534058 22.083824
1403715972.584058 22.991198
1403715972.634058 23.726585
1403715972.684058 23.583195
1403715972.734058 25.114657
1403715972.784058 23.833901
1403715972.834058 25.870116
1403715972.884058 23.586045
1403715972.934058 25.725198
1403715972.984058 22.719944
1403715973.034058 23.275861
1403715973.084058 23.689401
1403715973.134058 26.873798
1403715973.184058 30.131887
1403715973.234058 28.988312
1403715973.284058 22.656676
1403715973.334058 26.436867
1403715973.384058 24.084329
1403715973.434058 24.554280
1403715973.484058 24.126289
1403715973.534058 23.126630
1403715973.584058 24.280519
1403715973.634058 24.584686
1403715973.684058 23.879896
1403715973.734058 28.854544
1403715973.784058 24.072763
1403715973.834058 25.875487
1403715973.884058 24.941400
1403715973.934058 25.640044
1403715973.984058 24.103548
1403715974.034058 24.702174
1403715974.084058 22.179543
1403715974.134058 25.897689
1403715974.184058 25.886429
1403715974.234058 28.458041
1403715974.284058 26.460706
1403715974.334058 27.598040
1403715974.384058 22.975144
1403715974.434058 27.989219
1403715974.484058 25.768944
1403715974.534058 28.696267
1403715974.584058 23.344569
1403715974.634058 23.479321
1403715974.684058 24.248050
1403715974.734058 23.682177
1403715974.784058 23.313401
1403715974.834058 24.530976
1403715974.884058 23.402810
1403715974.934058 26.089619
1403715974.984058 24.256503
1403715975.034058 21.726717
1403715975.084058 22.429329
1403715975.134058 23.356702
1403715975.184058 25.734685
1403715975.234058 24.501612
1403715975.284058 22.878378
1403715975.334058 23.393123
1403715975.384058 26.103274
1403715975.434058 23.150177
1403715975.484058 22.037293
1403715975.534058 26.633938
1403715975.584058 26.009119
1403715975.634058 19.828891
1403715975.684058 22.901248
1403715975.734058 18.120552
1403715975.784058 23.803729
1403715975.834058 27.531043
1403715975.884058 15.335941
1403715975.934058 24.095247
1403715975.984058 23.596106
1403715976.034058 25.981782
1403715976.084058 27.232247
1403715976.134058 24.245710
1403715976.184058 24.756066
1403715976.234058 23.124375
1403715976.284058 23.783486
1403715976.334058 23.271549
1403715976.384058 23.878591
1403715976.434058 25.987150
1403715976.484058 25.061349
1403715976.534058 23.113211
1403715976.584058 21.380119
1403715976.634058 24.423287
1403715976.684058 24.572596
1403715976.734058 27.057093
1403715976.784058 24.234047
1403715976.834058 23.398120
1403715976.884058 22.294211
1403715976.934058 25.364098
1403715976.984058 22.814892
1403715977.034058 24.347612
1403715977.084058 23.860340
1403715977.134058 27.937392
1403715977.184058 23.015617
1403715977.234058 26.938014
1403715977.284058 23.510588
1403715977.334058 26.361844
1403715977.384058 32.171560
1403715977.434058 26.386872
1403715977.484058 24.038622
1403715977.534058 22.854116
1403715977.584058 24.641727
1403715977.634058 26.073522
1403715977.684058 26.023171
1403715977.734058 26.409047
1403715977.784058 24.908667
1403715977.834058 30.063818
1403715977.884058 24.705921
1403715977.934058 26.445826
1403715977.984058 25.512875
1403715978.034058 28.491113
1403715978.084058 23.914576
1403715978.134058 22.806997
1403715978.184058 23.556327
1403715978.234058 24.593888
1403715978.284058 29.601150
1403715978.334058 30.672635
1403715978.384058 27.473641
1403715978.434058 29.803292
1403715978.484058 26.328674
1403715978.534058 27.908749
1403715978.584058 30.751053
1403715978.634058 27.380841
1403715978.684058 28.349934
1403715978.734058 27.335057
1403715978.784058 29.600999
1403715978.834058 31.177551
1403715978.884058 25.489386
1403715978.934058 28.879835
1403715978.984058 30.543035
1403715979.034058 25.902141
1403715979.084058 31.865051
1403715979.134058 23.745460
1403715979.184058 22.329329
1403715979.234058 22.234987
1403715979.284058 33.626050
1403715979.334058 22.863526
1403715979.384058 21.079412
1403715979.434058 21.994764
1403715979.484058 21.248674
1403715979.534058 24.832783
1403715979.584058 25.121257
1403715979.634058 21.308300
1403715979.684058 25.601105
1403715979.734058 21.475962
1403715979.784058 22.361769
1403715979.834058 21.333679
1403715979.884058 22.363614
1403715979.934058 21.225609
1403715979.984058 21.738596
1403715980.034058 22.370992
1403715980.084058 22.179189
1403715980.134058 20.936427
1403715980.184058 23.208309
1403715980.234058 21.801895
1403715980.284058 21.584477
1403715980.334058 22.230081
1403715980.384058 22.800458
1403715980.434058 21.758309
1403715980.484058 23.273279
1403715980.534058 22.243065
1403715980.584058 24.643703
1403715980.634058 23.891890
1403715980.684058 24.014803
1403715980.734058 23.888515
1403715980.784058 26.318811
1403715980.834058 24.683879
1403715980.884058 22.881492
1403715980.934058 24.109916
1403715980.984058 32.338900
1403715981.034058 24.250527
1403715981.084058 27.125029
1403715981.134058 22.418399
1403715981.184058 22.845813
1403715981.234058 25.175612
1403715981.284058 22.418976
1403715981.334058 23.396535
1403715981.384058 24.593053
1403715981.434058 23.371528
1403715981.484058 24.140773
1403715981.534058 24.617096
1403715981.584058 31.386495
1403715981.634058 24.676394
1403715981.684058 24.394078
1403715981.734058 24.088028
1403715981.784058 24.221109
1403715981.834058 27.384872
1403715981.884058 25.957497
1403715981.934058 23.770622
1403715981.984058 24.033371
1403715982.034058 24.589410
1403715982.084058 23.612008
1403715982.134058 26.068825
1403715982.184058 31.417974
1403715982.234058 24.693488
1403715982.284058 23.455418
1403715982.334058 29.839720
1403715982.384058 22.253237
1403715982.434058 28.870246
1403715982.484058 23.685635
1403715982.534058 24.360315
1403715982.584058 25.807490
1403715982.634058 28.897277
1403715982.684058 22.817467
1403715982.734058 25.493020
1403715982.784058 26.047475
1403715982.834058 26.201450
1403715982.884058 24.752865
1403715982.934058 23.794783
1403715982.984058 24.302182
1403715983.034058 32.033722
1403715983.084058 23.715481
1403715983.134058 23.914550
1403715983.184058 25.431691
1403715983.234058 23.871343
1403715983.284058 22.877925
1403715983.334058 28.740984
1403715983.384058 32.335854
1403715983.434058 23.274555
1403715983.484058 27.646395
1403715983.534058 23.484704
1403715983.584058 30.817773
1403715983.634058 25.577592
1403715983.684058 27.160492
1403715983.734058 23.618610
1403715983.784058 27.234654
1403715983.834058 23.795978
1403715983.884058 24.790302
1403715983.934058 25.661864
1403715983.984058 25.134149
1403715984.034058 23.913177
1403715984.084058 25.930979
1403715984.134058 21.164463
1403715984.184058 22.438679
1403715984.234058 22.723730
1403715984.284058 28.622784
1403715984.334058 25.984383
1403715984.384058 22.440731
1403715984.434058 21.447766
1403715984.484058 21.975071
1403715984.534058 25.638406
1403715984.584058 26.933249
1403715984.634058 25.466936
1403715984.684058 28.131931
1403715984.734058 26.596859
1403715984.784058 26.867963
1403715984.834058 27.194878
1403715984.884058 27.181114
1403715984.934058 25.176641
1403715984.984058 25.240158
1403715985.034058 23.606000
1403715985.084058 24.458731
1403715985.134058 20.919863
1403715985.184058 21.813601
1403715985.234058 20.989400
1403715985.284058 21.420180
1403715985.334058 21.347435
1403715985.384058 20.481769
1403715985.434058 23.226537
1403715985.484058 22.028563
1403715985.534058 20.612049
1403715985.584058 25.252079
1403715985.634058 20.951561
1403715985.684058 21.647660
1403715985.734058 20.102700
1403715985.784058 25.228140
1403715985.834058 20.919648
1403715985.884058 22.028506
1403715985.934058 23.683175
1403715985.984058 22.788160
1403715986.034058 21.947062
1403715986.084058 21.940021
1403715986.134058 21.640924
1403715986.184058 21.984172
1403715986.234058 21.612674
1403715986.284058 27.572588
1403715986.334058 21.892169
1403715986.384058 26.572089
1403715986.434058 21.635567
1403715986.484058 22.081884
1403715986.534058 20.079273
1403715986.584058 22.725564
1403715986.634058 22.379699
1403715986.684058 20.668468
1403715986.734058 24.719760
1403715986.784058 21.000817
1403715986.834058 21.998348
1403715986.884058 23.812382
1403715986.934058 22.403807
1403715986.984058 22.439157
1403715987.034058 22.707215
1403715987.084058 21.478205
1403715987.134058 20.619963
1403715987.184058 23.731844
1403715987.234058 21.703262
1403715987.284058 21.561231
1403715987.334058 20.701982
1403715987.384058 21.417637
1403715987.434058 22.093789
1403715987.484058 20.716558
1403715987.534058 21.062501
1403715987.584058 21.420529
1403715987.634058 22.852922
1403715987.684058 28.096592
1403715987.734058 22.507071
1403715987.784058 22.706931
1403715987.834058 24.562335
1403715987.884058 23.165617
1403715987.934058 21.670380
1403715987.984058 21.773961
1403715988.034058 23.156051
1403715988.084058 23.831092
1403715988.134058 27.893826
1403715988.184058 28.545966
1403715988.234058 25.796959
1403715988.284058 29.924146
1403715988.334058 24.013668
1403715988.384058 25.296727
1403715988.434058 28.235951
1403715988.484058 28.543359
1403715988.534058 24.216248
1403715988.584058 33.670775
1403715988.634058 23.517131
1403715988.684058 24.215173
1403715988.734058 23.509909
1403715988.784058 24.970990
1403715988.834058 25.463714
1403715988.884058 25.984222
1403715988.934058 24.213427
1403715988.984058 25.649756
1403715989.034058 29.895928
1403715989.084058 26.175211
1403715989.134058 23.773490
1403715989.184058 27.022017
1403715989.234058 25.064255
1403715989.284058 24.093261
1403715989.334058 26.425510
1403715989.384058 32.432812
1403715989.434058 25.478121
1403715989.484058 24.940039
1403715989.534058 24.660227
1403715989.584058 24.374489
1403715989.634058 27.340373
1403715989.684058 25.220653
1403715989.734058 24.165347
1403715989.784058 29.063066
1403715989.834058 25.959396
1403715989.884058 24.629860
1403715989.934058 25.720620
1403715989.984058 28.273961
1403715990.034058 25.262194
1403715990.084058 26.220214
1403715990.134058 24.315757
1403715990.184058 25.133858
1403715990.234058 31.573747
1403715990.284058 26.899338
1403715990.334058 26.983823
1403715990.384058 31.706399
1403715990.434058 28.590789
1403715990.484058 26.113281
1403715990.534058 27.518963
1403715990.584058 29.066813
1403715990.634058 33.680141
1403715990.684058 29.660595
1403715990.734058 34.265365
1403715990.784058 31.698661
1403715990.834058 31.173502
1403715990.884058 29.342326
1403715990.934058 30.060470
1403715990.984058 31.328976
1403715991.034058 30.082109
1403715991.084058 33.880076
1403715991.134058 34.084966
1403715991.184058 30.673768
1403715991.234058 27.389847
1403715991.284058 36.497129
1403715991.334058 27.243470
1403715991.384058 30.574325
1403715991.434058 27.573379
1403715991.484058 34.828605
1403715991.534058 26.235676
1403715991.584058 19.459846
1403715991.634058 29.018406
1403715991.684058 18.972267
1403715991.734058 17.719731
1403715991.784058 18.313624
1403715991.834058 28.661783
1403715991.884058 20.062760
1403715991.934058 17.802437
1403715991.984058 19.132869
1403715992.034058 17.545699
1403715992.084058 18.916375
1403715992.134058 17.901318
1403715992.184058 20.004216
1403715992.234058 17.841836
1403715992.284058 27.367008
1403715992.334058 17.182230
1403715992.384058 23.030140
1403715992.434058 17.366308
1403715992.484058 19.092449
1403715992.534058 18.361203
1403715992.584058 18.759946
1403715992.634058 17.322121
1403715992.684058 21.397095
1403715992.734058 18.054106
1403715992.784058 18.678625
1403715992.834058 18.014329
1403715992.884058 19.395997
1403715992.934058 19.212673
1403715992.984058 17.477671
1403715993.034058 28.688108
1403715993.084058 25.124129
1403715993.134058 20.988258
1403715993.184058 25.862358
1403715993.234058 22.211497
1403715993.284058 19.014902
1403715993.334058 19.489262
1403715993.384058 19.554337
1403715993.434058 19.205156
1403715993.484058 19.760071
1403715993.534058 18.161917
1403715993.584058 19.218469
1403715993.634058 18.399907
1403715993.684058 29.267257
1403715993.734058 18.107164
1403715993.784058 19.316839
1403715993.834058 18.165399
1403715993.884058 23.580961
1403715993.934058 19.658231
1403715993.984058 21.630407
