1413393886.005760 90.611306
1413393886.055760 26.681221
1413393886.105761 26.520258
1413393886.155761 28.803146
1413393886.205760 25.526610
1413393886.255760 28.407247
1413393886.305760 23.832748
1413393886.355761 24.361128
1413393886.405761 24.525066
1413393886.455760 26.197006
1413393886.505760 24.355627
1413393886.555760 24.437122
1413393886.605761 25.687453
1413393886.655761 26.678195
1413393886.705760 24.256046
1413393886.755760 36.507196
1413393886.805760 24.770794
1413393886.855761 24.541005
1413393886.905761 23.986304
1413393886.955760 23.975590
1413393887.005760 23.051932
1413393887.055760 25.026190
1413393887.105761 25.900868
1413393887.155761 25.530239
1413393887.205760 25.304083
1413393887.255760 26.377038
1413393887.305760 27.022897
1413393887.355761 24.678882
1413393887.405761 27.396335
1413393887.455760 25.536278
1413393887.505760 26.799324
1413393887.555760 24.623936
1413393887.605761 32.675205
1413393887.655761 18.964760
1413393887.705760 16.235244
1413393887.755760 25.432569
1413393887.805760 26.250734
1413393887.855761 16.905384
1413393887.905761 16.007977
1413393887.955760 16.483236
1413393888.005760 15.833748
1413393888.055760 26.006715
1413393888.105761 25.538446
1413393888.155761 16.827658
1413393888.205760 16.740907
1413393888.255760 16.293918
1413393888.305760 25.196259
1413393888.355761 15.283615
1413393888.405761 16.380242
1413393888.455760 16.587112
1413393888.505760 16.590871
1413393888.555760 16.312232
1413393888.605761 16.335959
1413393888.655761 19.521248
1413393888.705760 24.383807
1413393888.755760 18.503250
1413393888.805760 17.208511
1413393888.855761 16.299835
1413393888.905761 17.474709
1413393888.955760 24.648753
1413393889.005760 25.324713
1413393889.055760 15.615853
1413393889.105761 16.660978
1413393889.155761 17.423001
1413393889.205760 16.329065
1413393889.255760 24.636814
1413393889.305760 16.877564
1413393889.355761 24.537537
1413393889.405761 24.196233
1413393889.455760 17.247747
1413393889.505760 32.141399
1413393889.555760 26.249825
1413393889.605761 33.677824
1413393889.655761 26.997447
1413393889.705760 26.017526
1413393889.755760 25.600873
1413393889.805760 25.248782
1413393889.855761 25.784652
1413393889.905761 25.362283
1413393889.955760 26.215981
1413393890.005760 28.526322
1413393890.055760 29.035363
1413393890.105761 31.519706
1413393890.155761 28.414927
1413393890.205760 24.378457
1413393890.255760 23.227289
1413393890.305760 22.767174
1413393890.355761 22.145307
1413393890.405761 22.404162
1413393890.455760 23.370941
1413393890.505760 23.391348
1413393890.555760 24.536171
1413393890.605761 22.320448
1413393890.655761 23.494942
1413393890.705760 21.924626
1413393890.755760 23.590628
1413393890.805760 22.402775
1413393890.855761 26.784880
1413393890.905761 30.042410
1413393890.955760 23.013797
1413393891.005760 21.785305
1413393891.055760 24.532964
1413393891.105761 22.926251
1413393891.155761 23.537079
1413393891.205760 23.034469
1413393891.255760 23.452107
1413393891.305760 30.370267
1413393891.355761 24.194307
1413393891.405761 31.215027
1413393891.455760 23.813823
1413393891.505760 23.714002
1413393891.555760 24.406516
1413393891.605761 23.495111
1413393891.655761 24.757561
1413393891.705760 22.839645
1413393891.755760 23.450934
1413393891.805760 22.236094
1413393891.855761 23.667123
1413393891.905761 23.831325
1413393891.955760 28.141767
1413393892.005760 21.608251
1413393892.055760 23.811636
1413393892.105761 27.035406
1413393892.155761 28.276815
1413393892.205760 26.195632
1413393892.255760 25.267964
1413393892.305760 25.856892
1413393892.355761 25.699573
1413393892.405761 23.754239
1413393892.455760 25.230231
1413393892.505760 22.572061
1413393892.555760 23.839515
1413393892.605761 23.774300
1413393892.655761 30.159124
1413393892.705760 24.646661
1413393892.755760 24.163234
1413393892.805760 24.520867
1413393892.855761 24.212136
1413393892.905761 31.473784
1413393892.955760 21.626437
1413393893.005760 30.693734
1413393893.055760 23.894504
1413393893.105761 23.316988
1413393893.155761 23.614888
1413393893.205760 30.605983
1413393893.255760 24.119727
1413393893.305760 22.466994
1413393893.355761 22.835991
1413393893.405761 22.005178
1413393893.455760 27.171824
1413393893.505760 24.853847
1413393893.555760 22.951591
1413393893.605761 29.171364
1413393893.655761 23.710235
1413393893.705760 22.924264
1413393893.755760 23.058833
1413393893.805760 24.726099
1413393893.855761 27.418918
1413393893.905761 24.105932
1413393893.955760 23.841691
1413393894.005760 25.119177
1413393894.055760 24.526855
1413393894.105761 24.263812
1413393894.155761 24.817864
1413393894.205760 28.701810
1413393894.255760 24.630015
1413393894.305760 27.377970
1413393894.355761 23.525452
1413393894.405761 24.733224
1413393894.455760 24.180572
1413393894.505760 25.580493
1413393894.555760 24.334251
1413393894.605761 30.938561
1413393894.655761 29.546856
1413393894.705760 23.071624
1413393894.755760 24.235184
1413393894.805760 23.626354
1413393894.855761 23.282248
1413393894.905761 23.243318
1413393894.955760 22.841711
1413393895.005760 22.723356
1413393895.055760 24.533943
1413393895.105761 28.858889
1413393895.155761 22.483275
1413393895.205760 24.413155
1413393895.255760 24.791823
1413393895.305760 24.479777
1413393895.355761 25.510594
1413393895.405761 23.776373
1413393895.455760 24.583440
1413393895.505760 23.244064
1413393895.555760 28.845685
1413393895.605761 31.565559
1413393895.655761 24.379634
1413393895.705760 24.296501
1413393895.755760 23.094121
1413393895.805760 23.142881
1413393895.855761 24.351986
1413393895.905761 27.894927
1413393895.955760 23.936431
1413393896.005760 25.430198
1413393896.055760 26.482731
1413393896.105761 27.379314
1413393896.155761 27.675592
1413393896.205760 22.317751
1413393896.255760 24.885593
1413393896.305760 25.631934
1413393896.355761 25.300092
1413393896.405761 23.044024
1413393896.455760 27.597723
1413393896.505760 24.003360
1413393896.555760 24.866001
1413393896.605761 24.662686
1413393896.655761 25.640000
1413393896.705760 24.016356
1413393896.755760 24.249622
1413393896.805760 23.336853
1413393896.855761 23.881795
1413393896.905761 24.740071
1413393896.955760 23.808517
1413393897.005760 23.443172
1413393897.055760 26.575339
1413393897.105761 24.583772
1413393897.155761 27.599660
1413393897.205760 28.285618
1413393897.255760 26.692499
1413393897.305760 25.212078
1413393897.355761 25.820181
1413393897.405761 22.824612
1413393897.455760 24.109611
1413393897.505760 30.485519
1413393897.555760 24.305202
1413393897.605761 22.633488
1413393897.655761 28.970295
1413393897.705760 23.178472
1413393897.755760 26.580788
1413393897.805760 22.720977
1413393897.855761 23.798377
1413393897.905761 24.332812
1413393897.955760 23.292669
1413393898.005760 24.062006
1413393898.055760 28.345582
1413393898.105761 25.135711
1413393898.155761 23.471605
1413393898.205760 29.906697
1413393898.255760 23.956490
1413393898.305760 30.470169
1413393898.355761 26.842422
1413393898.405761 31.722302
1413393898.455760 28.455318
1413393898.505760 31.806517
1413393898.555760 25.460160
1413393898.605761 23.403751
1413393898.655761 24.309390
1413393898.705760 24.891333
1413393898.755760 22.776259
1413393898.805760 24.044788
1413393898.855761 24.231224
1413393898.905761 31.713810
1413393898.955760 23.930560
1413393899.005760 28.185659
1413393899.055760 24.595633
1413393899.105761 25.986921
1413393899.155761 27.240808
1413393899.205760 23.360090
1413393899.255760 27.599169
1413393899.305760 25.372387
1413393899.355761 27.375130
1413393899.405761 22.766645
1413393899.455760 26.153991
1413393899.505760 22.771544
1413393899.555760 23.887236
1413393899.605761 21.971204
1413393899.655761 23.001329
1413393899.705760 21.981487
1413393899.755760 23.060199
1413393899.805760 25.626654
1413393899.855761 26.000558
1413393899.905761 24.934661
1413393899.955760 23.070731
1413393900.005760 26.434037
1413393900.055760 23.960114
1413393900.105761 26.011316
1413393900.155761 22.061850
1413393900.205760 30.426100
1413393900.255760 25.829164
1413393900.305760 31.165945
1413393900.355761 26.208963
1413393900.405761 25.164359
1413393900.455760 24.558786
1413393900.505760 24.078946
1413393900.555760 24.681628
1413393900.605761 22.673733
1413393900.655761 26.259960
1413393900.705760 32.307577
1413393900.755760 25.747189
1413393900.805760 23.870964
1413393900.855761 22.983888
1413393900.905761 29.228390
1413393900.955760 22.220467
1413393901.005760 23.953808
1413393901.055760 24.742720
1413393901.105761 43.884128
1413393901.155761 24.953719
1413393901.205760 25.586684
1413393901.255760 24.813193
1413393901.305760 33.780902
1413393901.355761 30.455063
1413393901.405761 22.763404
1413393901.455760 28.363611
1413393901.505760 24.191178
1413393901.555760 25.086014
1413393901.605761 22.601625
1413393901.655761 24.403085
1413393901.705760 24.356787
1413393901.755760 25.916003
1413393901.805760 25.012822
1413393901.855761 25.378683
1413393901.905761 21.964370
1413393901.955760 22.717599
1413393902.005760 23.354113
1413393902.055760 27.250184
1413393902.105761 24.527590
1413393902.155761 22.992428
1413393902.205760 22.975163
1413393902.255760 23.919590
1413393902.305760 25.597715
1413393902.355761 24.323362
1413393902.405761 23.635181
1413393902.455760 33.451611
1413393902.505760 24.395169
1413393902.555760 29.011057
1413393902.605761 24.963478
1413393902.655761 23.622070
1413393902.705760 23.919079
1413393902.755760 22.969440
1413393902.805760 24.363263
1413393902.855761 23.231235
1413393902.905761 23.822046
1413393902.955760 22.266078
1413393903.005760 23.786543
1413393903.055760 24.308981
1413393903.105761 24.650447
1413393903.155761 29.226849
1413393903.205760 26.978908
1413393903.255760 22.779371
1413393903.305760 24.954375
1413393903.355761 24.418741
1413393903.405761 23.651874
1413393903.455760 25.195448
1413393903.505760 31.952995
1413393903.555760 25.502997
1413393903.605761 25.165191
1413393903.655761 24.038828
1413393903.705760 24.768576
1413393903.755760 23.695984
1413393903.805760 25.785412
1413393903.855761 25.509343
1413393903.905761 24.213798
1413393903.955760 24.319052
1413393904.005760 27.748918
1413393904.055760 25.372393
1413393904.105761 28.155169
1413393904.155761 23.962410
1413393904.205760 23.906419
1413393904.255760 23.006468
1413393904.305760 22.741321
1413393904.355761 24.691171
1413393904.405761 25.086862
1413393904.455760 23.990420
1413393904.505760 24.522480
1413393904.555760 23.228809
1413393904.605761 23.436043
1413393904.655761 28.254237
1413393904.705760 26.334576
1413393904.755760 22.967801
1413393904.805760 30.826179
1413393904.855761 25.250271
1413393904.905761 23.010617
1413393904.955760 28.143133
1413393905.005760 25.044080
1413393905.055760 25.622616
1413393905.105761 24.798019
1413393905.155761 24.088747
1413393905.205760 25.599490
1413393905.255760 24.871327
1413393905.305760 26.917769
1413393905.355761 23.075715
1413393905.405761 25.094680
1413393905.455760 26.092684
1413393905.505760 22.977005
1413393905.555760 23.796198
1413393905.605761 24.367438
1413393905.655761 24.117538
1413393905.705760 22.182891
1413393905.755760 24.126605
1413393905.805760 24.196784
1413393905.855761 24.881448
1413393905.905761 22.146177
1413393905.955760 23.743899
1413393906.005760 24.958968
1413393906.055760 23.361158
1413393906.105761 23.139574
1413393906.155761 23.844710
1413393906.205760 23.676235
1413393906.255760 24.022498
1413393906.305760 23.257413
1413393906.355761 24.786766
1413393906.405761 26.561516
1413393906.455760 23.199353
1413393906.505760 22.861141
1413393906.555760 24.432819
1413393906.605761 23.947721
1413393906.655761 24.318493
1413393906.705760 23.221190
1413393906.755760 24.325043
1413393906.805760 24.544900
1413393906.855761 16.612347
1413393906.905761 23.891206
1413393906.955760 23.155384
1413393907.005760 24.337782
1413393907.055760 24.124766
1413393907.105761 23.948302
1413393907.155761 22.791184
1413393907.205760 23.631865
1413393907.255760 25.056346
1413393907.305760 23.485440
1413393907.355761 22.824949
1413393907.405761 23.141795
1413393907.455760 31.508859
1413393907.505760 24.286153
1413393907.555760 23.732145
1413393907.605761 30.673120
1413393907.655761 31.446347
1413393907.705760 30.778114
1413393907.755760 31.283996
1413393907.805760 30.317352
1413393907.855761 30.302414
1413393907.905761 27.133072
1413393907.955760 25.695825
1413393908.005760 31.771778
1413393908.055760 23.282097
1413393908.105761 22.662215
1413393908.155761 23.462584
1413393908.205760 24.807024
1413393908.255760 23.201945
1413393908.305760 22.749281
1413393908.355761 23.381500
1413393908.405761 23.978923
1413393908.455760 23.575603
1413393908.505760 23.843342
1413393908.555760 24.255447
1413393908.605761 23.387035
1413393908.655761 25.012653
1413393908.705760 24.828235
1413393908.755760 23.393340
1413393908.805760 21.727924
1413393908.855761 23.218677
1413393908.905761 23.153707
1413393908.955760 25.266420
1413393909.005760 23.987359
1413393909.055760 23.554153
1413393909.105761 29.873404
1413393909.155761 31.466678
1413393909.205760 30.468380
1413393909.255760 25.728565
1413393909.305760 24.831211
1413393909.355761 26.811899
1413393909.405761 24.529365
1413393909.455760 24.522724
1413393909.505760 23.385536
1413393909.555760 24.528407
1413393909.605761 25.321264
1413393909.655761 24.241752
1413393909.705760 31.305405
1413393909.755760 26.240294
1413393909.805760 24.603184
1413393909.855761 24.967324
1413393909.905761 30.231499
1413393909.955760 29.923569
1413393910.005760 30.939393
1413393910.055760 27.617612
1413393910.105761 24.230606
1413393910.155761 25.352580
1413393910.205760 25.542909
1413393910.255760 24.437101
1413393910.305760 23.812346
1413393910.355761 24.443785
1413393910.405761 24.376161
1413393910.455760 23.915324
1413393910.505760 22.704994
1413393910.555760 23.615111
1413393910.605761 22.917713
1413393910.655761 25.450244
1413393910.705760 23.828886
1413393910.755760 24.721475
1413393910.805760 25.896692
1413393910.855761 25.446838
1413393910.905761 26.400676
1413393910.955760 23.552424
1413393911.005760 31.512580
1413393911.055760 26.263229
1413393911.105761 24.437297
1413393911.155761 26.006647
1413393911.205760 24.317454
1413393911.255760 23.591995
1413393911.305760 27.009029
1413393911.355761 23.325490
1413393911.405761 24.595450
1413393911.455760 23.523520
1413393911.505760 25.275279
1413393911.555760 25.798881
1413393911.605761 32.740982
1413393911.655761 24.246755
1413393911.705760 24.722550
1413393911.755760 23.407195
1413393911.805760 25.193662
1413393911.855761 25.672132
1413393911.905761 26.310749
1413393911.955760 24.465674
1413393912.005760 22.546887
1413393912.055760 26.601015
1413393912.105761 24.042495
1413393912.155761 25.888088
1413393912.205760 24.890328
1413393912.255760 25.493859
1413393912.305760 27.091786
1413393912.355761 26.732143
1413393912.405761 25.926176
1413393912.455760 24.903384
1413393912.505760 36.118523
1413393912.555760 24.762517
1413393912.605761 24.943325
1413393912.655761 30.327960
1413393912.705760 27.987703
1413393912.755760 26.347229
1413393912.805760 26.204212
1413393912.855761 26.127063
1413393912.905761 26.385055
1413393912.955760 24.957586
1413393913.005760 30.624856
1413393913.055760 27.102506
1413393913.105761 31.560970
1413393913.155761 24.412891
1413393913.205760 23.914425
1413393913.255760 25.506628
1413393913.305760 22.934942
1413393913.355761 22.444941
1413393913.405761 23.093432
1413393913.455760 24.634154
1413393913.505760 23.176948
1413393913.555760 23.547744
1413393913.605761 25.141679
1413393913.655761 25.214240
1413393913.705760 24.952675
1413393913.755760 24.024734
1413393913.805760 23.552212
1413393913.855761 26.281808
1413393913.905761 24.298948
1413393913.955760 25.164207
1413393914.005760 42.212336
1413393914.055760 27.760545
1413393914.105761 24.911792
1413393914.155761 24.577732
1413393914.205760 24.830571
1413393914.255760 24.951129
1413393914.305760 24.509139
1413393914.355761 23.976938
1413393914.405761 23.642553
1413393914.455760 26.086360
1413393914.505760 23.138119
1413393914.555760 23.189796
1413393914.605761 22.342497
1413393914.655761 28.643264
1413393914.705760 22.485239
1413393914.755760 23.512389
1413393914.805760 24.236957
1413393914.855761 25.260209
1413393914.905761 22.579317
1413393914.955760 22.043127
1413393915.005760 21.373085
1413393915.055760 25.865443
1413393915.105761 23.037176
1413393915.155761 22.106997
1413393915.205760 24.541849
1413393915.255760 23.530009
1413393915.305760 23.531011
1413393915.355761 23.375117
1413393915.405761 25.547529
1413393915.455760 23.039031
1413393915.505760 23.853540
1413393915.555760 25.665124
1413393915.605761 30.638066
1413393915.655761 24.636498
1413393915.705760 22.107919
1413393915.755760 22.938777
1413393915.805760 26.802116
1413393915.855761 24.874287
1413393915.905761 22.859191
1413393915.955760 24.145997
1413393916.005760 24.619978
1413393916.055760 25.776585
1413393916.105761 23.688835
1413393916.155761 24.389997
1413393916.205760 23.631521
1413393916.255760 24.543680
1413393916.305760 22.760426
1413393916.355761 23.495358
1413393916.405761 24.864419
1413393916.455760 28.341706
1413393916.505760 23.429826
1413393916.555760 23.692649
1413393916.605761 29.373891
1413393916.655761 25.152457
1413393916.705760 25.346898
1413393916.755760 23.587358
1413393916.805760 28.017358
1413393916.855761 25.768150
1413393916.905761 25.709958
1413393916.955760 25.092039
1413393917.005760 23.171771
1413393917.055760 23.571290
1413393917.105761 28.430486
1413393917.155761 23.441321
1413393917.205760 28.399941
1413393917.255760 24.044995
1413393917.305760 28.180765
1413393917.355761 23.454989
1413393917.405761 23.847871
1413393917.455760 25.115579
1413393917.505760 25.637499
1413393917.555760 24.045587
1413393917.605761 23.613827
1413393917.655761 23.808691
1413393917.705760 24.841666
1413393917.755760 24.813062
1413393917.805760 25.856720
1413393917.855761 24.534379
1413393917.905761 25.153489
1413393917.955760 24.162875
1413393918.005760 26.515243
1413393918.055760 23.635344
1413393918.105761 23.396595
1413393918.155761 25.296237
1413393918.205760 22.726665
1413393918.255760 23.884231
1413393918.305760 25.741827
1413393918.355761 24.716994
1413393918.405761 24.890718
1413393918.455760 24.622587
1413393918.505760 25.318985
1413393918.555760 30.418919
1413393918.605761 23.819637
1413393918.655761 29.802001
1413393918.705760 28.251059
1413393918.755760 25.946339
1413393918.805760 32.845314
1413393918.855761 29.114095
1413393918.905761 26.829586
1413393918.955760 28.099925
1413393919.005760 25.740715
1413393919.055760 26.302714
1413393919.105761 25.180092
1413393919.155761 24.197604
1413393919.205760 24.357103
1413393919.255760 26.226393
1413393919.305760 24.343967
1413393919.355761 25.444205
1413393919.405761 24.147738
1413393919.455760 24.119174
1413393919.505760 22.298864
1413393919.555760 24.419917
1413393919.605761 23.377852
1413393919.655761 36.003412
1413393919.705760 21.538264
1413393919.755760 29.979084
1413393919.805760 24.478356
1413393919.855761 24.916525
1413393919.905761 23.552936
1413393919.955760 23.998695
1413393920.005760 23.349364
1413393920.055760 23.324529
1413393920.105761 29.376952
1413393920.155761 25.666356
1413393920.205760 31.528559
1413393920.255760 27.883857
1413393920.305760 23.809915
1413393920.355761 24.030953
1413393920.405761 25.725472
1413393920.455760 23.902537
1413393920.505760 24.731004
1413393920.555760 23.911575
1413393920.605761 23.946264
1413393920.655761 25.207904
1413393920.705760 25.456104
1413393920.755760 24.176187
1413393920.805760 25.495096
1413393920.855761 25.064610
1413393920.905761 24.013105
1413393920.955760 26.221313
1413393921.005760 24.241503
1413393921.055760 25.790864
1413393921.105761 24.081403
1413393921.155761 23.903233
1413393921.205760 25.957600
1413393921.255760 26.198172
1413393921.305760 23.319151
1413393921.355761 24.920124
1413393921.405761 25.545195
1413393921.455760 23.589554
1413393921.505760 24.351526
1413393921.555760 23.701544
1413393921.605761 24.449530
1413393921.655761 23.892418
1413393921.705760 23.402918
1413393921.755760 24.950222
1413393921.805760 27.737631
1413393921.855761 24.667024
1413393921.905761 25.651012
1413393921.955760 23.839796
1413393922.005760 30.314649
1413393922.055760 28.860702
1413393922.105761 32.739851
1413393922.155761 26.804718
1413393922.205760 31.645667
1413393922.255760 24.243345
1413393922.305760 22.889183
1413393922.355761 23.342020
1413393922.405761 32.847743
1413393922.455760 25.817068
1413393922.505760 31.985487
1413393922.555760 24.998082
1413393922.605761 25.007293
1413393922.655761 25.405520
1413393922.705760 24.505829
1413393922.755760 23.862609
1413393922.805760 25.606598
1413393922.855761 25.364568
1413393922.905761 31.228596
1413393922.955760 27.872165
1413393923.005760 24.646759
1413393923.055760 24.473255
1413393923.105761 24.962777
1413393923.155761 24.369703
1413393923.205760 25.541629
1413393923.255760 24.738503
1413393923.305760 25.919096
1413393923.355761 24.445196
1413393923.405761 26.911632
1413393923.455760 25.468255
1413393923.505760 24.959699
1413393923.555760 29.090006
1413393923.605761 24.039884
1413393923.655761 26.777512
1413393923.705760 27.689073
1413393923.755760 30.871154
1413393923.805760 26.112501
1413393923.855761 26.038578
1413393923.905761 33.321721
1413393923.955760 26.456845
1413393924.005760 23.461463
1413393924.055760 24.993875
1413393924.105761 23.801737
1413393924.155761 24.694854
1413393924.205760 25.471884
1413393924.255760 25.763853
1413393924.305760 32.122382
1413393924.355761 29.979799
1413393924.405761 29.032828
1413393924.455760 26.100831
1413393924.505760 23.833103
1413393924.555760 23.799656
1413393924.605761 24.944057
1413393924.655761 25.360395
1413393924.705760 25.463238
1413393924.755760 24.465629
1413393924.805760 22.366285
1413393924.855761 26.284864
1413393924.905761 27.957915
1413393924.955760 26.600710
1413393925.005760 25.577913
1413393925.055760 25.815537
1413393925.105761 26.316137
1413393925.155761 26.902177
1413393925.205760 24.998570
1413393925.255760 25.333092
1413393925.305760 25.283466
1413393925.355761 28.500419
1413393925.405761 27.880237
1413393925.455760 25.458462
1413393925.505760 26.180867
1413393925.555760 25.986424
1413393925.605761 25.361517
1413393925.655761 24.811914
1413393925.705760 25.110190
1413393925.755760 23.526143
1413393925.805760 23.329572
1413393925.855761 22.607438
1413393925.905761 22.445164
1413393925.955760 22.866685
1413393926.005760 23.685394
1413393926.055760 24.211505
1413393926.105761 31.540066
1413393926.155761 24.283708
1413393926.205760 23.834279
1413393926.255760 23.278772
1413393926.305760 30.361183
1413393926.355761 27.159845
1413393926.405761 23.660595
1413393926.455760 24.187594
1413393926.505760 22.706040
1413393926.555760 22.699024
1413393926.605761 23.363483
1413393926.655761 26.325813
1413393926.705760 22.316759
1413393926.755760 23.048366
1413393926.805760 26.996794
1413393926.855761 22.688828
1413393926.905761 25.386470
1413393926.955760 25.857743
1413393927.005760 31.752477
1413393927.055760 27.610390
1413393927.105761 24.615287
1413393927.155761 23.663473
1413393927.205760 27.553902
1413393927.255760 25.357673
1413393927.305760 28.542273
1413393927.355761 25.477179
1413393927.405761 32.676461
1413393927.455760 26.069910
1413393927.505760 23.966822
1413393927.555760 26.124451
1413393927.605761 34.417371
1413393927.655761 26.138570
1413393927.705760 24.630365
1413393927.755760 26.872795
1413393927.805760 24.972133
1413393927.855761 26.945608
1413393927.905761 22.309499
1413393927.955760 20.530726
1413393928.005760 22.166130
1413393928.055760 23.124024
1413393928.105761 24.576699
1413393928.155761 23.056575
1413393928.205760 22.462163
1413393928.255760 25.189673
1413393928.305760 27.518745
1413393928.355761 22.920110
1413393928.405761 22.522949
1413393928.455760 21.727357
1413393928.505760 21.413422
1413393928.555760 21.623056
1413393928.605761 20.502801
1413393928.655761 23.776924
1413393928.705760 22.954330
1413393928.755760 22.344254
1413393928.805760 21.339765
1413393928.855761 22.592954
1413393928.905761 20.899048
1413393928.955760 23.467164
1413393929.005760 21.933642
1413393929.055760 23.831411
1413393929.105761 20.268942
1413393929.155761 21.702499
1413393929.205760 21.234308
1413393929.255760 21.628252
1413393929.305760 21.329477
1413393929.355761 21.222826
1413393929.405761 20.483309
1413393929.455760 23.132374
1413393929.505760 27.626770
1413393929.555760 23.031401
1413393929.605761 28.359986
1413393929.655761 23.087207
1413393929.705760 21.436855
1413393929.755760 20.647899
1413393929.805760 21.534875
1413393929.855761 22.636085
1413393929.905761 22.233072
1413393929.955760 22.220330
1413393930.005760 22.563480
1413393930.055760 24.578362
1413393930.105761 32.203162
1413393930.155761 26.119804
1413393930.205760 23.573606
1413393930.255760 22.590262
1413393930.305760 22.910669
1413393930.355761 23.298895
1413393930.405761 24.862346
1413393930.455760 23.482003
1413393930.505760 23.307180
1413393930.555760 23.431219
1413393930.605761 26.828864
1413393930.655761 25.690785
1413393930.705760 22.630121
1413393930.755760 23.917634
1413393930.805760 30.682234
1413393930.855761 21.590054
1413393930.905761 21.371486
1413393930.955760 22.173817
1413393931.005760 27.118103
1413393931.055760 22.523707
1413393931.105761 21.507858
1413393931.155761 22.605833
1413393931.205760 24.273431
1413393931.255760 28.830484
1413393931.305760 24.487209
1413393931.355761 26.433368
1413393931.405761 27.319109
1413393931.455760 21.907948
1413393931.505760 23.589405
1413393931.555760 28.807918
1413393931.605761 26.250012
1413393931.655761 27.807278
1413393931.705760 29.217427
1413393931.755760 28.694816
1413393931.805760 23.998855
1413393931.855761 24.762569
1413393931.905761 30.222208
1413393931.955760 25.699461
1413393932.005760 24.563275
1413393932.055760 25.169398
1413393932.105761 24.235743
1413393932.155761 25.208262
1413393932.205760 25.096542
1413393932.255760 26.443261
1413393932.305760 25.145205
1413393932.355761 27.452031
1413393932.405761 30.847946
1413393932.455760 29.095399
1413393932.505760 24.094083
1413393932.555760 30.394167
1413393932.605761 27.787193
1413393932.655761 26.230645
1413393932.705760 26.220920
1413393932.755760 28.217476
1413393932.805760 25.558950
1413393932.855761 25.185497
1413393932.905761 24.700915
1413393932.955760 25.093480
1413393933.005760 24.540714
1413393933.055760 27.275463
1413393933.105761 24.698998
1413393933.155761 25.402201
1413393933.205760 24.515418
1413393933.255760 30.583898
1413393933.305760 31.620230
1413393933.355761 23.646259
1413393933.405761 33.096950
1413393933.455760 23.551416
1413393933.505760 22.943503
1413393933.555760 23.962619
1413393933.605761 24.527934
1413393933.655761 25.058800
1413393933.705760 24.708127
1413393933.755760 25.138096
1413393933.805760 25.471446
1413393933.855761 25.305963
1413393933.905761 24.779606
1413393933.955760 26.115503
1413393934.005760 23.625590
1413393934.055760 27.082838
1413393934.105761 26.237527
1413393934.155761 24.722248
1413393934.205760 23.576150
1413393934.255760 24.939041
1413393934.305760 25.142569
1413393934.355761 24.250476
1413393934.405761 24.544769
1413393934.455760 23.675738
1413393934.505760 24.504912
1413393934.555760 23.896540
1413393934.605761 24.568827
1413393934.655761 25.720660
1413393934.705760 25.330297
1413393934.755760 22.683562
1413393934.805760 26.929603
1413393934.855761 23.833235
1413393934.905761 23.416668
1413393934.955760 26.889471
1413393935.005760 32.480671
1413393935.055760 24.779502
1413393935.105761 24.317248
1413393935.155761 26.048278
1413393935.205760 25.351287
1413393935.255760 23.516246
1413393935.305760 23.057925
1413393935.355761 28.301138
1413393935.405761 29.988080
1413393935.455760 24.306626
1413393935.505760 24.208790
1413393935.555760 34.174664
1413393935.605761 24.650692
1413393935.655761 25.573434
1413393935.705760 24.629542
1413393935.755760 22.931530
1413393935.805760 24.216729
1413393935.855761 23.657750
1413393935.905761 26.378808
1413393935.955760 25.173953
1413393936.005760 24.953516
1413393936.055760 26.488550
1413393936.105761 31.589692
1413393936.155761 25.579517
1413393936.205760 24.692291
1413393936.255760 24.947735
1413393936.305760 23.360930
1413393936.355761 24.353882
1413393936.405761 26.249912
1413393936.455760 25.428026
1413393936.505760 26.521372
1413393936.555760 27.404946
1413393936.605761 27.352724
1413393936.655761 29.584745
1413393936.705760 27.245059
1413393936.755760 27.900912
1413393936.805760 30.431273
1413393936.855761 25.069459
1413393936.905761 23.906796
1413393936.955760 23.686970
1413393937.005760 25.096841
1413393937.055760 24.657175
1413393937.105761 24.775509
1413393937.155761 22.949202
1413393937.205760 23.691327
1413393937.255760 23.163330
1413393937.305760 22.273601
1413393937.355761 23.579858
1413393937.405761 22.973144
1413393937.455760 24.377256
1413393937.505760 30.985648
1413393937.555760 24.474591
1413393937.605761 23.767571
1413393937.655761 23.303987
1413393937.705760 24.858514
1413393937.755760 25.408399
1413393937.805760 24.035188
1413393937.855761 26.416525
1413393937.905761 30.670192
1413393937.955760 26.068800
1413393938.005760 24.416549
1413393938.055760 24.781546
1413393938.105761 23.402859
1413393938.155761 23.119580
1413393938.205760 28.851001
1413393938.255760 25.018722
1413393938.305760 25.446995
1413393938.355761 22.633924
1413393938.405761 23.926806
1413393938.455760 24.790187
1413393938.505760 25.963121
1413393938.555760 23.972522
1413393938.605761 26.057446
1413393938.655761 27.046299
1413393938.705760 25.176616
1413393938.755760 23.705090
1413393938.805760 23.992428
1413393938.855761 25.798203
1413393938.905761 30.714297
1413393938.955760 29.160236
1413393939.005760 25.589402
1413393939.055760 25.941251
1413393939.105761 26.312054
1413393939.155761 24.327396
1413393939.205760 22.788305
1413393939.255760 23.861800
1413393939.305760 26.875060
1413393939.355761 26.345567
1413393939.405761 26.049674
1413393939.455760 25.884400
1413393939.505760 25.390475
1413393939.555760 24.071441
1413393939.605761 24.941254
1413393939.655761 24.169842
1413393939.705760 24.720783
1413393939.755760 24.222799
1413393939.805760 24.777134
1413393939.855761 27.949547
1413393939.905761 22.895389
1413393939.955760 24.298088
1413393940.005760 29.536591
1413393940.055760 26.073641
1413393940.105761 24.951167
1413393940.155761 23.057280
1413393940.205760 24.321277
1413393940.255760 29.602543
1413393940.305760 26.979668
1413393940.355761 26.158771
1413393940.405761 24.884272
1413393940.455760 25.162889
1413393940.505760 26.780027
1413393940.555760 26.272696
1413393940.605761 24.861301
1413393940.655761 23.454133
1413393940.705760 30.569197
1413393940.755760 23.644377
1413393940.805760 22.657117
1413393940.855761 23.942345
1413393940.905761 22.710748
1413393940.955760 24.292646
1413393941.005760 24.474490
1413393941.055760 26.424983
1413393941.105761 25.724388
1413393941.155761 23.804602
1413393941.205760 23.898568
1413393941.255760 22.996587
1413393941.305760 23.346440
1413393941.355761 23.014370
1413393941.405761 23.609247
1413393941.455760 24.603800
1413393941.505760 23.931806
1413393941.555760 27.218814
1413393941.605761 28.614991
1413393941.655761 26.916945
1413393941.705760 22.613977
1413393941.755760 23.143232
1413393941.805760 24.548480
1413393941.855761 23.954103
1413393941.905761 23.999177
1413393941.955760 23.513686
1413393942.005760 24.920225
1413393942.055760 26.944810
1413393942.105761 24.916815
1413393942.155761 25.860180
1413393942.205760 26.454101
1413393942.255760 25.356510
1413393942.305760 23.310551
1413393942.355761 26.715884
1413393942.405761 23.131706
1413393942.455760 25.240331
1413393942.505760 23.837165
1413393942.555760 23.169583
1413393942.605761 24.212182
1413393942.655761 24.473496
1413393942.705760 25.808907
1413393942.755760 29.121957
1413393942.805760 26.505231
1413393942.855761 23.854058
1413393942.905761 22.427220
1413393942.955760 25.584063
1413393943.005760 29.175540
1413393943.055760 25.165484
1413393943.105761 25.464401
1413393943.155761 24.606999
1413393943.205760 25.067321
1413393943.255760 27.999187
1413393943.305760 24.510488
1413393943.355761 23.653714
1413393943.405761 22.418719
1413393943.455760 24.700484
1413393943.505760 23.265166
1413393943.555760 24.119178
1413393943.605761 26.712787
1413393943.655761 24.770765
1413393943.705760 25.010511
1413393943.755760 23.355967
1413393943.805760 24.897672
1413393943.855761 25.208039
1413393943.905761 23.758828
1413393943.955760 31.575353
1413393944.005760 35.226839
1413393944.055760 26.757675
1413393944.105761 27.467730
1413393944.155761 26.901174
1413393944.205760 26.978721
1413393944.255760 26.333480
1413393944.305760 24.021567
1413393944.355761 23.346770
1413393944.405761 23.059074
1413393944.455760 28.608270
1413393944.505760 25.331364
1413393944.555760 25.180979
1413393944.605761 23.897654
1413393944.655761 24.257114
1413393944.705760 24.053153
1413393944.755760 26.380187
1413393944.805760 25.504153
1413393944.855761 23.968758
1413393944.905761 24.539507
1413393944.955760 24.254017
1413393945.005760 24.189716
1413393945.055760 24.330983
1413393945.105761 24.530864
1413393945.155761 25.580715
1413393945.205760 24.979511
1413393945.255760 23.365466
1413393945.305760 23.204419
1413393945.355761 26.560105
1413393945.405761 24.697604
1413393945.455760 26.502417
1413393945.505760 23.903163
1413393945.555760 27.482130
1413393945.605761 22.986098
1413393945.655761 24.438888
1413393945.705760 27.300503
1413393945.755760 29.054760
1413393945.805760 24.665775
1413393945.855761 26.866239
1413393945.905761 25.108829
1413393945.955760 32.555530
1413393946.005760 26.194463
1413393946.055760 25.102374
1413393946.105761 25.270443
1413393946.155761 23.350579
1413393946.205760 23.250256
1413393946.255760 21.728794
1413393946.305760 22.094546
1413393946.355761 27.790373
1413393946.405761 24.217280
1413393946.455760 29.426794
1413393946.505760 31.055475
1413393946.555760 29.321150
1413393946.605761 25.481431
1413393946.655761 30.610788
1413393946.705760 23.925277
1413393946.755760 23.789798
1413393946.805760 22.786027
1413393946.855761 27.727470
1413393946.905761 23.460766
1413393946.955760 24.964295
1413393947.005760 27.017773
1413393947.055760 22.816896
1413393947.105761 23.075245
1413393947.155761 22.433854
1413393947.205760 22.322208
1413393947.255760 23.998476
1413393947.305760 23.247821
1413393947.355761 24.493179
1413393947.405761 25.423659
1413393947.455760 26.511030
1413393947.505760 32.147696
1413393947.555760 27.198066
1413393947.605761 31.617611
1413393947.655761 25.649918
1413393947.705760 24.929976
1413393947.755760 27.484522
1413393947.805760 26.598039
1413393947.855761 23.647912
1413393947.905761 24.556948
1413393947.955760 23.738215
1413393948.005760 24.515503
1413393948.055760 24.903001
1413393948.105761 26.673319
1413393948.155761 23.016678
1413393948.205760 25.359415
1413393948.255760 24.664670
1413393948.305760 24.902748
1413393948.355761 23.764936
1413393948.405761 25.228569
1413393948.455760 24.841049
1413393948.505760 26.420907
1413393948.555760 24.502973
1413393948.605761 24.865928
1413393948.655761 24.762780
1413393948.705760 25.508055
1413393948.755760 23.510028
1413393948.805760 24.376456
1413393948.855761 25.244853
1413393948.905761 25.414962
1413393948.955760 25.471415
1413393949.005760 24.173607
1413393949.055760 25.758112
1413393949.105761 25.092287
1413393949.155761 26.773527
1413393949.205760 24.155005
1413393949.255760 25.935209
1413393949.305760 27.099720
1413393949.355761 26.640295
1413393949.405761 24.712311
1413393949.455760 24.089138
1413393949.505760 25.790575
1413393949.555760 23.910245
1413393949.605761 24.631198
1413393949.655761 25.180116
1413393949.705760 24.917616
1413393949.755760 24.809027
1413393949.805760 23.992360
1413393949.855761 24.970692
1413393949.905761 25.280233
1413393949.955760 24.304479
1413393950.005760 24.647328
1413393950.055760 26.239400
1413393950.105761 24.726925
1413393950.155761 25.299541
1413393950.205760 31.881675
1413393950.255760 27.490951
1413393950.305760 31.675883
1413393950.355761 22.669929
1413393950.405761 24.426822
1413393950.455760 25.506470
1413393950.505760 23.468945
1413393950.555760 23.479394
1413393950.605761 25.225078
1413393950.655761 25.063404
1413393950.705760 23.872668
1413393950.755760 25.901284
1413393950.805760 24.025447
1413393950.855761 26.489646
1413393950.905761 24.748405
1413393950.955760 25.124613
1413393951.005760 24.185121
1413393951.055760 26.330198
1413393951.105761 26.344202
1413393951.155761 27.371323
1413393951.205760 33.344468
1413393951.255760 25.855639
1413393951.305760 25.545403
1413393951.355761 25.668565
1413393951.405761 24.452582
1413393951.455760 27.624770
1413393951.505760 25.054895
1413393951.555760 25.452962
1413393951.605761 30.015190
1413393951.655761 26.462166
1413393951.705760 27.970963
1413393951.755760 25.170681
1413393951.805760 24.814543
1413393951.855761 25.520028
1413393951.905761 24.722356
1413393951.955760 25.086598
1413393952.005760 26.320095
1413393952.055760 24.859568
1413393952.105761 23.778692
1413393952.155761 25.124444
1413393952.205760 25.926964
1413393952.255760 33.223131
1413393952.305760 33.256699
1413393952.355761 31.226775
1413393952.405761 31.113864
1413393952.455760 26.981700
1413393952.505760 24.427133
1413393952.555760 25.436796
1413393952.605761 24.821692
1413393952.655761 25.912344
1413393952.705760 25.252143
1413393952.755760 24.984148
1413393952.805760 31.930292
1413393952.855761 28.188634
1413393952.905761 23.725787
1413393952.955760 28.076656
1413393953.005760 23.693454
1413393953.055760 23.832599
1413393953.105761 32.119903
1413393953.155761 36.076623
1413393953.205760 32.684355
1413393953.255760 25.665016
1413393953.305760 25.012721
1413393953.355761 27.266394
1413393953.405761 31.268269
1413393953.455760 26.417962
1413393953.505760 22.689372
1413393953.555760 23.258787
1413393953.605761 32.478349
1413393953.655761 31.402002
1413393953.705760 32.270701
1413393953.755760 22.569455
1413393953.805760 24.342247
1413393953.855761 24.022675
1413393953.905761 26.212578
1413393953.955760 24.649618
1413393954.005760 25.165417
1413393954.055760 25.813589
1413393954.105761 24.847976
1413393954.155761 25.077883
1413393954.205760 23.600877
1413393954.255760 25.972134
1413393954.305760 25.284107
1413393954.355761 25.088739
1413393954.405761 24.061867
1413393954.455760 26.207465
1413393954.505760 24.104118
1413393954.555760 22.947234
1413393954.605761 22.990316
1413393954.655761 26.261437
1413393954.705760 36.515897
1413393954.755760 29.120964
1413393954.805760 24.915098
1413393954.855761 24.934383
1413393954.905761 31.778482
1413393954.955760 28.494199
1413393955.005760 30.894667
1413393955.055760 30.157108
1413393955.105761 32.931565
1413393955.155761 29.678932
1413393955.205760 24.849904
1413393955.255760 24.906988
1413393955.305760 31.698543
1413393955.355761 25.356615
1413393955.405761 25.918912
1413393955.455760 24.861426
1413393955.505760 24.901559
1413393955.555760 27.876384
1413393955.605761 28.566390
1413393955.655761 25.502813
1413393955.705760 24.582229
1413393955.755760 26.472812
1413393955.805760 33.952283
1413393955.855761 30.930064
1413393955.905761 29.240671
1413393955.955760 26.081599
1413393956.005760 29.581179
1413393956.055760 23.135672
1413393956.105761 22.194069
1413393956.155761 26.154291
1413393956.205760 24.334053
1413393956.255760 24.781429
1413393956.305760 23.023324
1413393956.355761 27.357461
1413393956.405761 23.469229
1413393956.455760 22.797807
1413393956.505760 23.991893
1413393956.555760 25.302342
1413393956.605761 23.732640
1413393956.655761 27.076834
1413393956.705760 25.343678
1413393956.755760 23.840284
1413393956.805760 24.755825
1413393956.855761 26.756647
1413393956.905761 30.233017
1413393956.955760 24.115022
1413393957.005760 30.486002
1413393957.055760 30.701221
1413393957.105761 30.339859
1413393957.155761 24.747018
1413393957.205760 28.546857
1413393957.255760 25.461082
1413393957.305760 24.994515
1413393957.355761 23.545791
1413393957.405761 23.213018
1413393957.455760 25.079925
1413393957.505760 26.554003
1413393957.555760 26.464725
1413393957.605761 24.837505
1413393957.655761 25.563333
1413393957.705760 24.355997
1413393957.755760 25.074803
1413393957.805760 26.764049
1413393957.855761 26.127436
1413393957.905761 32.804900
1413393957.955760 26.868100
1413393958.005760 24.751605
1413393958.055760 24.451168
1413393958.105761 24.957034
1413393958.155761 24.189072
1413393958.205760 40.432336
1413393958.255760 31.118539
1413393958.305760 24.184531
1413393958.355761 24.146741
1413393958.405761 26.447254
1413393958.455760 28.481158
1413393958.505760 24.711891
1413393958.555760 23.502007
1413393958.605761 24.742016
1413393958.655761 25.950179
1413393958.705760 24.479764
1413393958.755760 24.164751
1413393958.805760 23.213168
1413393958.855761 25.772202
1413393958.905761 31.999306
1413393958.955760 26.725747
1413393959.005760 25.281246
1413393959.055760 25.097328
1413393959.105761 24.526208
1413393959.155761 25.095883
1413393959.205760 25.914753
1413393959.255760 26.318021
1413393959.305760 23.974382
1413393959.355761 24.982872
1413393959.405761 26.699697
1413393959.455760 23.268187
1413393959.505760 23.733827
1413393959.555760 24.817144
1413393959.605761 25.756077
1413393959.655761 25.133472
1413393959.705760 26.117864
1413393959.755760 26.209174
1413393959.805760 26.276376
1413393959.855761 24.080482
1413393959.905761 24.733105
1413393959.955760 25.051277
1413393960.005760 23.705367
1413393960.055760 24.794170
1413393960.105761 23.032871
1413393960.155761 24.089223
1413393960.205760 25.420505
1413393960.255760 24.392341
1413393960.305760 23.098947
1413393960.355761 22.705207
1413393960.405761 24.787701
1413393960.455760 24.741781
1413393960.505760 23.378364
1413393960.555760 24.654707
1413393960.605761 23.746325
1413393960.655761 24.638443
1413393960.705760 27.035840
1413393960.755760 24.032859
1413393960.805760 23.598703
1413393960.855761 25.110646
1413393960.905761 25.039858
1413393960.955760 25.935441
1413393961.005760 25.488047
1413393961.055760 24.577922
1413393961.105761 25.883789
1413393961.155761 28.930398
1413393961.205760 25.195989
1413393961.255760 26.139593
1413393961.305760 24.882062
1413393961.355761 23.459361
1413393961.405761 24.953195
1413393961.455760 25.720534
1413393961.505760 23.135568
1413393961.555760 23.967372
1413393961.605761 23.528322
1413393961.655761 25.214282
1413393961.705760 25.802699
1413393961.755760 23.930587
1413393961.805760 25.194920
1413393961.855761 25.054756
1413393961.905761 25.713107
1413393961.955760 26.661909
1413393962.005760 33.433951
1413393962.055760 24.558322
1413393962.105761 24.963769
1413393962.155761 25.424918
1413393962.205760 26.979662
1413393962.255760 26.587375
1413393962.305760 28.091360
1413393962.355761 26.241925
1413393962.405761 25.089062
1413393962.455760 25.912400
1413393962.505760 32.276460
1413393962.555760 24.413300
1413393962.605761 24.847746
1413393962.655761 26.223706
1413393962.705760 25.614374
1413393962.755760 25.078005
1413393962.805760 25.573646
1413393962.855761 25.489370
1413393962.905761 25.561049
1413393962.955760 23.783749
1413393963.005760 24.315119
1413393963.055760 24.849929
1413393963.105761 23.423639
1413393963.155761 23.995005
1413393963.205760 27.916595
1413393963.255760 26.306534
1413393963.305760 24.971526
1413393963.355761 24.543116
1413393963.405761 25.880904
1413393963.455760 25.683192
1413393963.505760 24.811680
1413393963.555760 23.835140
1413393963.605761 25.307851
1413393963.655761 26.806613
1413393963.705760 26.401373
1413393963.755760 23.257888
1413393963.805760 24.737923
1413393963.855761 25.642811
1413393963.905761 24.389140
1413393963.955760 24.517238
1413393964.005760 25.767474
1413393964.055760 24.755422
1413393964.105761 25.938719
1413393964.155761 25.150726
1413393964.205760 23.401791
1413393964.255760 25.430075
1413393964.305760 24.661453
1413393964.355761 24.113669
1413393964.405761 24.373698
1413393964.455760 28.744466
1413393964.505760 26.275203
1413393964.555760 26.137261
1413393964.605761 25.565320
1413393964.655761 24.659894
1413393964.705760 26.183820
1413393964.755760 23.564814
1413393964.805760 32.154672
1413393964.855761 26.545175
1413393964.905761 23.981035
1413393964.955760 25.677900
1413393965.005760 25.440693
1413393965.055760 24.061168
1413393965.105761 22.199148
1413393965.155761 24.526526
1413393965.205760 31.857359
1413393965.255760 27.530572
1413393965.305760 25.640871
1413393965.355761 27.133155
1413393965.405761 25.811806
1413393965.455760 25.801195
1413393965.505760 26.508638
1413393965.555760 25.712309
1413393965.605761 30.878970
1413393965.655761 26.970383
1413393965.705760 26.453195
1413393965.755760 27.241325
1413393965.805760 27.707245
1413393965.855761 27.596057
1413393965.905761 36.814931
1413393965.955760 28.715182
1413393966.005760 24.102262
1413393966.055760 26.664303
1413393966.105761 31.382721
1413393966.155761 23.677680
1413393966.205760 23.916567
1413393966.255760 24.197222
1413393966.305760 23.121560
1413393966.355761 23.147355
1413393966.405761 24.535821
1413393966.455760 25.300133
1413393966.505760 22.788370
1413393966.555760 23.094015
1413393966.605761 24.457815
1413393966.655761 25.081097
1413393966.705760 25.063526
1413393966.755760 25.407411
1413393966.805760 25.119398
1413393966.855761 24.988978
1413393966.905761 25.680259
1413393966.955760 25.077056
1413393967.005760 23.910074
1413393967.055760 26.105526
1413393967.105761 24.952546
1413393967.155761 25.701490
1413393967.205760 25.959864
1413393967.255760 27.741049
1413393967.305760 25.805935
1413393967.355761 26.640391
1413393967.405761 28.517693
1413393967.455760 26.592108
1413393967.505760 28.192928
1413393967.555760 26.667419
1413393967.605761 25.094231
1413393967.655761 25.172535
1413393967.705760 27.940525
1413393967.755760 24.232505
1413393967.805760 26.798985
1413393967.855761 26.205891
1413393967.905761 26.861520
1413393967.955760 25.379452
1413393968.005760 26.299625
1413393968.055760 25.424873
1413393968.105761 24.328562
1413393968.155761 24.762918
1413393968.205760 24.977381
1413393968.255760 24.867915
1413393968.305760 24.791613
1413393968.355761 27.771882
1413393968.405761 28.358144
1413393968.455760 25.319792
1413393968.505760 24.556019
1413393968.555760 24.962365
1413393968.605761 23.837936
1413393968.655761 24.266391
1413393968.705760 26.927772
1413393968.755760 38.420055
1413393968.805760 42.829917
1413393968.855761 33.277987
1413393968.905761 24.634666
1413393968.955760 22.927836
1413393969.005760 24.425423
1413393969.055760 25.093762
1413393969.105761 24.994013
1413393969.155761 25.523982
1413393969.205760 32.244862
1413393969.255760 29.357304
1413393969.305760 25.993453
1413393969.355761 26.743758
1413393969.405761 31.890191
1413393969.455760 26.257886
1413393969.505760 25.367698
1413393969.555760 26.763269
1413393969.605761 26.921391
1413393969.655761 27.205757
1413393969.705760 25.660839
1413393969.755760 27.167623
1413393969.805760 24.202622
1413393969.855761 25.373427
1413393969.905761 17.233230
1413393969.955760 24.569211
1413393970.005760 26.015588
1413393970.055760 24.710838
1413393970.105761 33.142540
1413393970.155761 28.150315
1413393970.205760 32.737048
1413393970.255760 29.098592
1413393970.305760 32.116374
1413393970.355761 29.741319
1413393970.405761 19.750792
1413393970.455760 31.028553
1413393970.505760 30.788390
1413393970.555760 27.922667
1413393970.605761 30.307141
1413393970.655761 28.904351
1413393970.705760 32.155619
1413393970.755760 27.990070
1413393970.805760 26.146737
1413393970.855761 24.422853
1413393970.905761 26.493066
1413393970.955760 22.309251
1413393971.005760 23.661555
1413393971.055760 27.976069
1413393971.105761 23.978978
1413393971.155761 23.720517
1413393971.205760 23.816955
1413393971.255760 23.911268
1413393971.305760 23.559136
1413393971.355761 27.230982
1413393971.405761 25.857721
1413393971.455760 24.464523
1413393971.505760 25.938986
1413393971.555760 27.506134
1413393971.605761 24.878120
1413393971.655761 26.901807
1413393971.705760 26.235025
1413393971.755760 23.834052
1413393971.805760 25.510467
1413393971.855761 24.149056
1413393971.905761 24.299479
1413393971.955760 26.457123
1413393972.005760 23.601598
1413393972.055760 23.338616
1413393972.105761 24.821925
1413393972.155761 23.123320
1413393972.205760 25.350332
1413393972.255760 25.308934
1413393972.305760 29.438819
1413393972.355761 33.620769
1413393972.405761 39.203477
1413393972.455760 25.168744
1413393972.505760 30.510081
1413393972.555760 24.656215
1413393972.605761 24.715181
1413393972.655761 25.002540
1413393972.705760 24.329858
1413393972.755760 24.506124
1413393972.805760 23.294692
1413393972.855761 24.759325
1413393972.905761 24.175910
1413393972.955760 23.719905
1413393973.005760 24.442811
1413393973.055760 24.511261
1413393973.105761 22.691965
1413393973.155761 23.744557
1413393973.205760 22.084869
1413393973.255760 23.988335
1413393973.305760 31.380711
1413393973.355761 27.244651
1413393973.405761 25.671602
1413393973.455760 26.841228
1413393973.505760 26.942089
1413393973.555760 23.246838
1413393973.605761 24.552051
1413393973.655761 24.861761
1413393973.705760 25.885117
1413393973.755760 23.944186
1413393973.805760 25.764015
1413393973.855761 26.661102
1413393973.905761 24.695279
1413393973.955760 24.438360
1413393974.005760 25.594717
1413393974.055760 23.964738
1413393974.105761 24.549938
1413393974.155761 28.421930
1413393974.205760 31.604358
1413393974.255760 26.559171
1413393974.305760 24.074888
1413393974.355761 25.517315
1413393974.405761 25.054010
1413393974.455760 30.344327
1413393974.505760 24.674744
1413393974.555760 24.357705
1413393974.605761 24.470617
1413393974.655761 24.752595
1413393974.705760 23.774959
1413393974.755760 27.205185
1413393974.805760 23.440568
1413393974.855761 24.130643
1413393974.905761 24.253117
1413393974.955760 26.456234
1413393975.005760 22.935553
1413393975.055760 23.944770
1413393975.105761 22.975729
1413393975.155761 22.765147
1413393975.205760 36.708949
1413393975.255760 25.052276
1413393975.305760 24.258038
1413393975.355761 23.914751
1413393975.405761 22.632969
1413393975.455760 24.513642
1413393975.505760 23.966939
1413393975.555760 24.042806
1413393975.605761 24.236627
1413393975.655761 24.154721
1413393975.705760 24.866283
1413393975.755760 24.722360
1413393975.805760 24.488025
1413393975.855761 29.748609
1413393975.905761 32.165978
1413393975.955760 24.990633
1413393976.005760 23.780519
1413393976.055760 26.635240
1413393976.105761 28.995621
1413393976.155761 25.768181
1413393976.205760 26.444972
1413393976.255760 24.279436
1413393976.305760 23.132418
1413393976.355761 23.698833
1413393976.405761 28.079804
1413393976.455760 25.257298
1413393976.505760 23.615152
1413393976.555760 25.226213
1413393976.605761 25.567563
1413393976.655761 24.563711
1413393976.705760 25.812767
1413393976.755760 24.225063
1413393976.805760 23.790521
1413393976.855761 25.505544
1413393976.905761 24.347764
1413393976.955760 24.719507
1413393977.005760 32.938281
1413393977.055760 23.945462
1413393977.105761 23.848698
1413393977.155761 26.481168
1413393977.205760 26.024252
1413393977.255760 23.371714
1413393977.305760 28.276414
1413393977.355761 26.083450
1413393977.405761 23.742386
1413393977.455760 23.632911
1413393977.505760 25.186370
1413393977.555760 23.011844
1413393977.605761 24.897400
1413393977.655761 25.321926
1413393977.705760 24.387770
1413393977.755760 24.917283
1413393977.805760 23.511727
1413393977.855761 22.363123
1413393977.905761 22.927264
1413393977.955760 25.689909
1413393978.005760 26.422512
1413393978.055760 23.493601
1413393978.105761 23.213422
1413393978.155761 22.254230
1413393978.205760 24.439820
1413393978.255760 25.117192
1413393978.305760 24.240160
1413393978.355761 23.741743
1413393978.405761 24.134568
1413393978.455760 23.177448
1413393978.505760 24.086287
1413393978.555760 23.140194
1413393978.605761 24.082600
1413393978.655761 25.087385
1413393978.705760 24.646039
1413393978.755760 22.906506
1413393978.805760 24.421127
1413393978.855761 22.961185
1413393978.905761 28.498745
1413393978.955760 25.424482
1413393979.005760 24.783519
1413393979.055760 27.245413
1413393979.105761 26.518515
1413393979.155761 24.894228
1413393979.205760 24.102634
1413393979.255760 27.178375
1413393979.305760 23.392812
1413393979.355761 26.360048
1413393979.405761 29.947985
1413393979.455760 28.167616
1413393979.505760 33.537568
1413393979.555760 31.051776
1413393979.605761 34.207336
1413393979.655761 25.688612
1413393979.705760 24.045935
1413393979.755760 24.213103
1413393979.805760 22.975173
1413393979.855761 23.571382
1413393979.905761 23.014472
1413393979.955760 27.030684
1413393980.005760 23.186130
1413393980.055760 24.556594
1413393980.105761 24.965661
1413393980.155761 24.673428
1413393980.205760 23.381049
1413393980.255760 23.696812
1413393980.305760 31.198631
1413393980.355761 31.989002
1413393980.405761 24.035285
1413393980.455760 25.918829
1413393980.505760 33.415485
1413393980.555760 28.413347
1413393980.605761 25.648763
1413393980.655761 28.734602
1413393980.705760 30.208513
1413393980.755760 26.794933
1413393980.805760 26.091234
1413393980.855761 25.793357
1413393980.905761 26.721731
1413393980.955760 25.718038
1413393981.005760 24.327686
1413393981.055760 27.957155
1413393981.105761 29.204615
1413393981.155761 23.988879
1413393981.205760 31.966581
1413393981.255760 25.130524
1413393981.305760 24.673083
1413393981.355761 24.900327
1413393981.405761 23.971792
1413393981.455760 23.604087
1413393981.505760 23.045323
1413393981.555760 21.971424
1413393981.605761 24.045513
1413393981.655761 27.351480
1413393981.705760 25.037182
1413393981.755760 24.209717
1413393981.805760 24.277918
1413393981.855761 25.512019
1413393981.905761 23.477404
1413393981.955760 23.083502
1413393982.005760 23.732256
1413393982.055760 23.601646
1413393982.105761 23.853671
1413393982.155761 24.424124
1413393982.205760 25.798866
1413393982.255760 26.876149
1413393982.305760 23.339086
1413393982.355761 27.465752
1413393982.405761 29.737534
1413393982.455760 25.054571
1413393982.505760 22.221039
1413393982.555760 27.527741
1413393982.605761 26.067429
1413393982.655761 26.461276
1413393982.705760 26.442944
1413393982.755760 24.287640
1413393982.805760 23.441358
1413393982.855761 24.483007
1413393982.905761 23.865491
1413393982.955760 25.712870
1413393983.005760 22.991221
1413393983.055760 23.227141
1413393983.105761 24.153466
1413393983.155761 24.151479
1413393983.205760 22.839677
1413393983.255760 25.191067
1413393983.305760 26.278747
1413393983.355761 22.828457
1413393983.405761 25.101905
1413393983.455760 24.340366
1413393983.505760 24.096793
1413393983.555760 24.247144
1413393983.605761 25.118791
1413393983.655761 25.764288
1413393983.705760 23.238779
1413393983.755760 24.253861
1413393983.805760 24.418197
1413393983.855761 25.552488
1413393983.905761 22.872712
1413393983.955760 23.520051
1413393984.005760 25.245135
1413393984.055760 24.932261
1413393984.105761 24.408006
1413393984.155761 24.153978
1413393984.205760 26.221359
1413393984.255760 26.196854
1413393984.305760 26.581092
1413393984.355761 24.767215
1413393984.405761 25.501793
1413393984.455760 24.979126
1413393984.505760 28.313454
1413393984.555760 24.948242
1413393984.605761 25.234520
1413393984.655761 27.393423
1413393984.705760 25.850792
1413393984.755760 25.088026
1413393984.805760 28.445084
1413393984.855761 28.521656
1413393984.905761 29.413640
1413393984.955760 30.831779
1413393985.005760 25.714470
1413393985.055760 26.900612
1413393985.105761 26.041930
1413393985.155761 25.587859
1413393985.205760 24.755136
1413393985.255760 25.787191
1413393985.305760 24.770522
1413393985.355761 26.985807
1413393985.405761 25.940779
1413393985.455760 26.619447
1413393985.505760 25.795589
1413393985.555760 30.341278
1413393985.605761 26.908619
1413393985.655761 31.606462
1413393985.705760 25.787980
1413393985.755760 24.375828
1413393985.805760 24.819857
1413393985.855761 24.514928
1413393985.905761 25.612807
1413393985.955760 26.881991
1413393986.005760 26.522772
1413393986.055760 25.910372
1413393986.105761 26.275378
1413393986.155761 25.401383
1413393986.205760 26.663303
1413393986.255760 30.753525
1413393986.305760 24.137807
1413393986.355761 31.696133
1413393986.405761 24.417520
1413393986.455760 24.440238
1413393986.505760 25.513474
1413393986.555760 25.182856
1413393986.605761 24.498586
1413393986.655761 29.356213
1413393986.705760 32.592831
1413393986.755760 32.692149
1413393986.805760 26.620154
1413393986.855761 23.160638
1413393986.905761 25.174344
1413393986.955760 24.406093
1413393987.005760 24.950464
1413393987.055760 24.721015
1413393987.105761 25.717351
1413393987.155761 24.266815
1413393987.205760 32.164432
1413393987.255760 29.186785
1413393987.305760 27.236328
1413393987.355761 23.493692
1413393987.405761 23.609693
1413393987.455760 23.899738
1413393987.505760 23.060614
1413393987.555760 24.028238
1413393987.605761 23.742061
1413393987.655761 25.211505
1413393987.705760 23.484156
1413393987.755760 23.790070
1413393987.805760 23.872303
1413393987.855761 23.062827
1413393987.905761 23.099815
1413393987.955760 23.771529
1413393988.005760 24.654855
1413393988.055760 22.835369
1413393988.105761 23.144742
1413393988.155761 24.065906
1413393988.205760 23.321565
1413393988.255760 24.240622
1413393988.305760 24.031054
1413393988.355761 24.709353
1413393988.405761 33.218555
1413393988.455760 22.736618
1413393988.505760 24.653207
1413393988.555760 24.277791
1413393988.605761 24.326636
1413393988.655761 26.257472
1413393988.705760 24.162974
1413393988.755760 24.036201
1413393988.805760 31.875318
1413393988.855761 28.801879
1413393988.905761 33.262176
1413393988.955760 24.323549
1413393989.005760 25.044557
1413393989.055760 23.405281
1413393989.105761 26.743270
1413393989.155761 23.988749
1413393989.205760 31.371104
1413393989.255760 27.095364
1413393989.305760 23.469446
1413393989.355761 23.673468
1413393989.405761 24.072155
1413393989.455760 25.232871
1413393989.505760 26.673191
1413393989.555760 23.944884
1413393989.605761 24.199156
1413393989.655761 25.866710
1413393989.705760 24.962688
1413393989.755760 24.903285
1413393989.805760 24.355569
1413393989.855761 25.600179
1413393989.905761 25.084060
1413393989.955760 22.689053
1413393990.005760 23.665997
1413393990.055760 26.590492
1413393990.105761 31.629455
1413393990.155761 29.691196
1413393990.205760 27.880744
1413393990.255760 24.752980
1413393990.305760 32.088591
1413393990.355761 31.516798
1413393990.405761 27.559115
1413393990.455760 28.186184
1413393990.505760 31.081607
1413393990.555760 26.800289
1413393990.605761 34.828348
1413393990.655761 24.190579
1413393990.705760 31.043070
1413393990.755760 28.216626
1413393990.805760 31.400791
1413393990.855761 27.747206
1413393990.905761 26.412243
1413393990.955760 24.100048
1413393991.005760 22.121024
1413393991.055760 24.538562
1413393991.105761 22.876976
1413393991.155761 22.425848
1413393991.205760 22.670746
1413393991.255760 23.782109
1413393991.305760 24.538650
1413393991.355761 25.376632
1413393991.405761 25.719906
1413393991.455760 24.258773
1413393991.505760 26.184394
1413393991.555760 24.229501
1413393991.605761 23.937647
1413393991.655761 23.430225
1413393991.705760 31.271609
1413393991.755760 22.778398
1413393991.805760 30.300753
1413393991.855761 26.016725
1413393991.905761 31.153599
1413393991.955760 24.975079
1413393992.005760 24.379436
1413393992.055760 30.971331
1413393992.105761 33.642774
1413393992.155761 27.256945
1413393992.205760 22.312821
1413393992.255760 24.031646
1413393992.305760 27.099058
1413393992.355761 23.964214
1413393992.405761 23.131313
1413393992.455760 24.416497
1413393992.505760 22.037851
1413393992.555760 24.340145
1413393992.605761 22.166504
1413393992.655761 23.589297
1413393992.705760 22.991732
1413393992.755760 26.971870
1413393992.805760 26.077435
1413393992.855761 24.573388
1413393992.905761 25.833576
1413393992.955760 21.883607
1413393993.005760 23.344199
1413393993.055760 22.552340
1413393993.105761 23.263641
1413393993.155761 22.507691
1413393993.205760 24.232978
1413393993.255760 22.951004
1413393993.305760 30.123220
1413393993.355761 23.007518
1413393993.405761 31.103549
1413393993.455760 23.540529
1413393993.505760 23.785169
1413393993.555760 23.968025
1413393993.605761 25.166344
1413393993.655761 23.077923
1413393993.705760 31.279123
1413393993.755760 25.449725
1413393993.805760 22.735503
1413393993.855761 24.840066
1413393993.905761 24.567472
1413393993.955760 24.987891
1413393994.005760 24.696480
1413393994.055760 27.770240
1413393994.105761 27.135551
1413393994.155761 24.134574
1413393994.205760 23.322997
1413393994.255760 24.087027
1413393994.305760 23.285115
1413393994.355761 23.926822
1413393994.405761 26.502008
1413393994.455760 24.438644
1413393994.505760 23.432900
1413393994.555760 22.840960
1413393994.605761 23.472612
1413393994.655761 23.499375
1413393994.705760 32.422683
1413393994.755760 23.049388
1413393994.805760 21.909949
1413393994.855761 24.355843
1413393994.905761 23.992968
1413393994.955760 21.900704
1413393995.005760 27.008829
1413393995.055760 25.302228
1413393995.105761 24.930370
1413393995.155761 23.198248
1413393995.205760 22.957960
1413393995.255760 23.122902
1413393995.305760 22.240507
1413393995.355761 22.400599
1413393995.405761 24.095000
1413393995.455760 23.175949
1413393995.505760 24.580745
1413393995.555760 22.871381
1413393995.605761 21.793461
1413393995.655761 23.146152
1413393995.705760 23.713669
1413393995.755760 26.588829
1413393995.805760 23.926922
1413393995.855761 25.828261
1413393995.905761 25.487700
1413393995.955760 23.230025
1413393996.005760 23.893056
1413393996.055760 26.137678
1413393996.105761 23.853967
1413393996.155761 22.860766
1413393996.205760 24.535019
1413393996.255760 25.774084
1413393996.305760 24.863118
1413393996.355761 23.956642
1413393996.405761 25.649949
1413393996.455760 25.114180
1413393996.505760 24.195360
1413393996.555760 23.302847
1413393996.605761 23.006581
1413393996.655761 25.201265
1413393996.705760 24.020140
1413393996.755760 23.989174
1413393996.805760 29.799659
1413393996.855761 26.058635
1413393996.905761 25.865567
1413393996.955760 23.006755
1413393997.005760 25.329452
1413393997.055760 22.978136
1413393997.105761 24.176031
1413393997.155761 23.392434
1413393997.205760 23.460995
1413393997.255760 23.995242
1413393997.305760 24.672429
1413393997.355761 23.024098
1413393997.405761 23.201192
1413393997.455760 26.073772
1413393997.505760 26.258103
1413393997.555760 23.535771
1413393997.605761 25.066596
1413393997.655761 26.900192
1413393997.705760 39.252104
1413393997.755760 27.137731
1413393997.805760 33.123074
1413393997.855761 23.644521
1413393997.905761 25.288718
1413393997.955760 23.557968
1413393998.005760 23.483720
1413393998.055760 25.919462
1413393998.105761 25.865560
1413393998.155761 25.087875
1413393998.205760 27.616924
1413393998.255760 25.306132
1413393998.305760 25.275172
1413393998.355761 25.188166
1413393998.405761 25.076217
1413393998.455760 25.512930
1413393998.505760 24.672430
1413393998.555760 31.888061
1413393998.605761 32.779615
1413393998.655761 25.749457
1413393998.705760 25.925433
1413393998.755760 25.112404
1413393998.805760 26.545527
1413393998.855761 27.125122
1413393998.905761 26.196372
1413393998.955760 26.515235
1413393999.005760 33.209721
1413393999.055760 26.335972
1413393999.105761 25.591016
1413393999.155761 25.743809
1413393999.205760 28.139448
1413393999.255760 28.596869
1413393999.305760 34.402868
1413393999.355761 28.870920
1413393999.405761 33.706755
1413393999.455760 28.801489
1413393999.505760 29.539125
1413393999.555760 27.699744
1413393999.605761 34.550298
1413393999.655761 31.902532
1413393999.705760 34.909171
1413393999.755760 28.514161
1413393999.805760 36.558974
1413393999.855761 36.542230
1413393999.905761 38.803987
1413393999.955760 30.613801
1413394000.005760 41.027440
1413394000.055760 32.023426
1413394000.105761 35.247100
1413394000.155761 30.389927
1413394000.205760 30.956437
1413394000.255760 29.109863
1413394000.305760 39.206215
1413394000.355761 30.566159
1413394000.405761 28.139858
1413394000.455760 26.745236
1413394000.505760 27.008846
1413394000.555760 27.178848
1413394000.605761 27.650619
1413394000.655761 18.690798
1413394000.705760 25.757805
1413394000.755760 22.139880
1413394000.805760 19.040296
1413394000.855761 17.942027
1413394000.905761 26.389337
1413394000.955760 18.156466
1413394001.005760 18.324872
1413394001.055760 21.252153
1413394001.105761 24.053316
1413394001.155761 30.693358
1413394001.205760 30.550922
1413394001.255760 32.341377
1413394001.305760 20.990806
1413394001.355761 20.654658
1413394001.405761 21.241322
1413394001.455760 18.420849
1413394001.505760 17.374305
1413394001.555760 18.291961
1413394001.605761 18.760228
1413394001.655761 18.162228
1413394001.705760 16.585563
1413394001.755760 18.690151
1413394001.805760 18.177419
1413394001.855761 17.475129
1413394001.905761 25.526006
1413394001.955760 17.474058
1413394002.005760 27.087063
1413394002.055760 25.647220
1413394002.105761 18.283614
1413394002.155761 25.041114
1413394002.205760 18.244181
1413394002.255760 17.506844
1413394002.305760 18.737960
1413394002.355761 16.098913
1413394002.405761 18.321170
1413394002.455760 17.530194
1413394002.505760 18.326515
1413394002.555760 17.015980
1413394002.605761 16.244788
1413394002.655761 17.159367
1413394002.705760 18.126485
1413394002.755760 25.348806
1413394002.805760 25.675961
1413394002.855761 25.916877
1413394002.905761 25.599945
1413394002.955760 27.478441
1413394003.005760 26.839537
1413394003.055760 27.543114
1413394003.105761 27.565041
1413394003.155761 26.535513
1413394003.205760 26.727852
1413394003.255760 27.012803
1413394003.305760 27.372208
1413394003.355761 26.133684
