1403637130.538319 87.381715
1403637130.588319 26.861153
1403637130.638319 25.497795
1403637130.688319 16.890210
1403637130.738319 18.455574
1403637130.788319 17.460021
1403637130.838319 17.021820
1403637130.888319 16.581153
1403637130.938319 15.208190
1403637130.988319 19.643915
1403637131.038319 16.671821
1403637131.088319 24.910344
1403637131.138319 16.829385
1403637131.188319 17.300102
1403637131.238319 17.078771
1403637131.288319 17.159631
1403637131.338319 17.523171
1403637131.388319 15.805864
1403637131.438319 17.322164
1403637131.488319 16.350696
1403637131.538319 16.424235
1403637131.588319 17.234002
1403637131.638319 25.227236
1403637131.688319 16.623833
1403637131.738319 16.844900
1403637131.788319 17.292095
1403637131.838319 16.552192
1403637131.888319 17.519081
1403637131.938319 20.311334
1403637131.988319 16.761695
1403637132.038319 17.879263
1403637132.088319 17.850142
1403637132.138319 17.151123
1403637132.188319 16.076872
1403637132.238319 17.157991
1403637132.288319 17.667257
1403637132.338319 17.881723
1403637132.388319 18.047426
1403637132.438319 17.753326
1403637132.488319 16.764327
1403637132.538319 17.121894
1403637132.588319 16.966854
1403637132.638319 17.464663
1403637132.688319 17.488592
1403637132.738319 15.690901
1403637132.788319 17.161413
1403637132.838319 17.680149
1403637132.888319 17.590375
1403637132.938319 18.407508
1403637132.988319 17.329213
1403637133.038319 24.926022
1403637133.088319 25.826068
1403637133.138319 17.903977
1403637133.188319 25.530741
1403637133.238319 26.466602
1403637133.288319 24.716948
1403637133.338319 26.494130
1403637133.388319 24.360864
1403637133.438319 24.633280
1403637133.488319 24.756598
1403637133.538319 25.532976
1403637133.588319 26.113263
1403637133.638319 25.492574
1403637133.688319 26.350920
1403637133.738319 26.618051
1403637133.788319 25.364501
1403637133.838319 25.957720
1403637133.888319 24.919634
1403637133.938319 26.002199
1403637133.988319 26.294060
1403637134.038319 57.411952
1403637134.088319 24.524816
1403637134.138319 30.919164
1403637134.188319 28.971171
1403637134.238319 32.153066
1403637134.288319 24.655761
1403637134.338319 24.013698
1403637134.388319 23.595807
1403637134.438319 24.259264
1403637134.488319 23.267852
1403637134.538319 23.443682
1403637134.588319 23.568559
1403637134.638319 24.150693
1403637134.688319 23.950330
1403637134.738319 25.794730
1403637134.788319 26.158040
1403637134.838319 33.039627
1403637134.888319 29.782609
1403637134.938319 36.676768
1403637134.988319 33.993386
1403637135.038319 26.882085
1403637135.088319 31.074985
1403637135.138319 33.496075
1403637135.188319 29.792589
1403637135.238319 28.120195
1403637135.288319 27.547321
1403637135.338319 27.157139
1403637135.388319 27.776589
1403637135.438319 27.294602
1403637135.488319 25.616092
1403637135.538319 26.488176
1403637135.588319 25.236327
1403637135.638319 26.263580
1403637135.688319 23.999641
1403637135.738319 24.876634
1403637135.788319 23.695719
1403637135.838319 24.281889
1403637135.888319 24.544853
1403637135.938319 25.495316
1403637135.988319 23.720488
1403637136.038319 23.817915
1403637136.088319 25.809817
1403637136.138319 26.680689
1403637136.188319 25.596190
1403637136.238319 24.754516
1403637136.288319 24.617896
1403637136.338319 26.173530
1403637136.388319 28.825186
1403637136.438319 28.361358
1403637136.488319 29.982633
1403637136.538319 31.197612
1403637136.588319 34.068681
1403637136.638319 29.610060
1403637136.688319 27.614745
1403637136.738319 33.666593
1403637136.788319 31.624087
1403637136.838319 27.569165
1403637136.888319 27.326402
1403637136.938319 33.659153
1403637136.988319 29.902147
1403637137.038319 29.308816
1403637137.088319 30.706940
1403637137.138319 24.601651
1403637137.188319 31.123184
1403637137.238319 22.287781
1403637137.288319 15.434926
1403637137.338319 24.269739
1403637137.388319 23.115376
1403637137.438319 23.343392
1403637137.488319 22.805123
1403637137.538319 25.825507
1403637137.588319 24.897852
1403637137.638319 32.968096
1403637137.688319 26.432482
1403637137.738319 28.265325
1403637137.788319 32.657634
1403637137.838319 33.844957
1403637137.888319 35.693809
1403637137.938319 28.236457
1403637137.988319 28.360931
1403637138.038319 27.253506
1403637138.088319 28.365729
1403637138.138319 28.263641
1403637138.188319 27.859978
1403637138.238319 28.732544
1403637138.288319 24.030775
1403637138.338319 25.756854
1403637138.388319 26.145486
1403637138.438319 25.532073
1403637138.488319 25.104258
1403637138.538319 24.046267
1403637138.588319 23.595232
1403637138.638319 23.379203
1403637138.688319 23.850014
1403637138.738319 24.789823
1403637138.788319 28.677296
1403637138.838319 26.450377
1403637138.888319 23.923782
1403637138.938319 23.062395
1403637138.988319 23.649986
1403637139.038319 23.472004
1403637139.088319 24.408077
1403637139.138319 26.392370
1403637139.188319 26.935394
1403637139.238319 28.593385
1403637139.288319 27.102423
1403637139.338319 28.211741
1403637139.388319 27.411514
1403637139.438319 27.005279
1403637139.488319 25.887160
1403637139.538319 27.438335
1403637139.588319 27.876114
1403637139.638319 27.527416
1403637139.688319 26.399072
1403637139.738319 29.197248
1403637139.788319 26.462033
1403637139.838319 27.326008
1403637139.888319 26.685680
1403637139.938319 27.268853
1403637139.988319 31.638627
1403637140.038319 26.050704
1403637140.088319 33.372864
1403637140.138319 29.492209
1403637140.188319 18.412417
1403637140.238319 26.602179
1403637140.288319 25.501643
1403637140.338319 26.100948
1403637140.388319 19.346721
1403637140.438319 28.182718
1403637140.488319 16.798128
1403637140.538319 16.859479
1403637140.588319 17.368801
1403637140.638319 17.516817
1403637140.688319 15.924930
1403637140.738319 16.905566
1403637140.788319 16.449549
1403637140.838319 17.546327
1403637140.888319 15.466143
1403637140.938319 16.955632
1403637140.988319 16.420195
1403637141.038319 16.534693
1403637141.088319 17.213965
1403637141.138319 16.814135
1403637141.188319 15.874351
1403637141.238319 17.060465
1403637141.288319 15.726276
1403637141.338319 16.913335
1403637141.388319 15.756427
1403637141.438319 17.790953
1403637141.488319 15.508808
1403637141.538319 16.781129
1403637141.588319 15.911914
1403637141.638319 17.167605
1403637141.688319 16.515470
1403637141.738319 16.741150
1403637141.788319 16.629528
1403637141.838319 16.917421
1403637141.888319 15.630431
1403637141.938319 16.532366
1403637141.988319 16.111374
1403637142.038319 16.688835
1403637142.088319 16.600680
1403637142.138319 18.118637
1403637142.188319 17.287240
1403637142.238319 16.209886
1403637142.288319 15.867920
1403637142.338319 16.808969
1403637142.388319 16.013880
1403637142.438319 17.707213
1403637142.488319 16.193786
1403637142.538319 17.034880
1403637142.588319 15.807928
1403637142.638319 16.922139
1403637142.688319 16.767969
1403637142.738319 20.830139
1403637142.788319 18.228404
1403637142.838319 20.559422
1403637142.888319 17.970037
1403637142.938319 17.323109
1403637142.988319 16.870234
1403637143.038319 17.516415
1403637143.088319 15.896507
1403637143.138319 16.847106
1403637143.188319 17.246440
1403637143.238319 16.317139
1403637143.288319 17.483980
1403637143.338319 18.135470
1403637143.388319 15.495435
1403637143.438319 17.537045
1403637143.488319 17.083609
1403637143.538319 17.094534
1403637143.588319 16.767014
1403637143.638319 16.836288
1403637143.688319 17.486469
1403637143.738319 17.347102
1403637143.788319 16.916213
1403637143.838319 17.433504
1403637143.888319 16.847818
1403637143.938319 33.147050
1403637143.988319 24.822335
1403637144.038319 16.785530
1403637144.088319 15.926729
1403637144.138319 16.793935
1403637144.188319 17.522510
1403637144.238319 20.401035
1403637144.288319 17.369694
1403637144.338319 25.890097
1403637144.388319 15.578338
1403637144.438319 16.722348
1403637144.488319 15.892396
1403637144.538319 17.109718
1403637144.588319 15.229438
1403637144.638319 17.777892
1403637144.688319 16.122563
1403637144.738319 16.557899
1403637144.788319 16.153601
1403637144.838319 16.488372
1403637144.888319 15.549259
1403637144.938319 17.942651
1403637144.988319 25.265601
1403637145.038319 16.860984
1403637145.088319 18.666623
1403637145.138319 16.987562
1403637145.188319 15.675454
1403637145.238319 16.872665
1403637145.288319 16.192139
1403637145.338319 20.927984
1403637145.388319 17.436301
1403637145.438319 21.789775
1403637145.488319 18.108056
1403637145.538319 18.117364
1403637145.588319 16.675996
1403637145.638319 17.311236
1403637145.688319 16.058239
1403637145.738319 16.695745
1403637145.788319 16.420140
1403637145.838319 17.662156
1403637145.888319 16.156647
1403637145.938319 16.404619
1403637145.988319 16.130480
1403637146.038319 17.443136
1403637146.088319 16.343334
1403637146.138319 16.071969
1403637146.188319 17.643931
1403637146.238319 17.211186
1403637146.288319 16.100204
1403637146.338319 17.321523
1403637146.388319 15.290677
1403637146.438319 16.158647
1403637146.488319 25.079453
1403637146.538319 17.108690
1403637146.588319 16.108263
1403637146.638319 17.285167
1403637146.688319 16.519240
1403637146.738319 17.458783
1403637146.788319 16.473852
1403637146.838319 16.604218
1403637146.888319 16.471215
1403637146.938319 18.687308
1403637146.988319 16.453066
1403637147.038319 17.376409
1403637147.088319 16.247585
1403637147.138319 16.160959
1403637147.188319 17.217561
1403637147.238319 16.975728
1403637147.288319 16.521530
1403637147.338319 17.323174
1403637147.388319 17.594522
1403637147.438319 18.013169
1403637147.488319 15.974597
1403637147.538319 18.025291
1403637147.588319 17.000435
1403637147.638319 17.641200
1403637147.688319 15.973629
1403637147.738319 18.615957
1403637147.788319 16.752328
1403637147.838319 15.640234
1403637147.888319 16.877506
1403637147.938319 17.262693
1403637147.988319 15.989828
1403637148.038319 17.479048
1403637148.088319 16.428178
1403637148.138319 17.987484
1403637148.188319 15.913241
1403637148.238319 17.637950
1403637148.288319 17.465319
1403637148.338319 16.251754
1403637148.388319 16.469107
1403637148.438319 16.810870
1403637148.488319 16.306479
1403637148.538319 26.385999
1403637148.588319 16.868360
1403637148.638319 20.908222
1403637148.688319 18.526632
1403637148.738319 16.951582
1403637148.788319 16.288621
1403637148.838319 17.011460
1403637148.888319 16.102770
1403637148.938319 17.452158
1403637148.988319 25.114527
1403637149.038319 17.708437
1403637149.088319 16.384169
1403637149.138319 24.017017
1403637149.188319 15.899811
1403637149.238319 17.375201
1403637149.288319 15.668427
1403637149.338319 17.166079
1403637149.388319 16.009880
1403637149.438319 16.937638
1403637149.488319 23.930737
1403637149.538319 23.915445
1403637149.588319 23.981595
1403637149.638319 26.852886
1403637149.688319 25.459353
1403637149.738319 16.918382
1403637149.788319 28.339706
1403637149.838319 26.151709
1403637149.888319 27.618431
1403637149.938319 27.256820
1403637149.988319 29.104854
1403637150.038319 28.654364
1403637150.088319 28.965436
1403637150.138319 30.176316
1403637150.188319 28.500710
1403637150.238319 30.047527
1403637150.288319 32.702336
1403637150.338319 29.348092
1403637150.388319 29.629896
1403637150.438319 27.755991
1403637150.488319 26.048396
1403637150.538319 33.576868
1403637150.588319 28.530240
1403637150.638319 25.540771
1403637150.688319 28.210297
1403637150.738319 24.813192
1403637150.788319 27.077188
1403637150.838319 28.742194
1403637150.888319 25.859608
1403637150.938319 27.179350
1403637150.988319 25.327652
1403637151.038319 23.249368
1403637151.088319 24.913731
1403637151.138319 23.740470
1403637151.188319 27.112931
1403637151.238319 26.835247
1403637151.288319 24.732104
1403637151.338319 24.105709
1403637151.388319 25.310917
1403637151.438319 25.815839
1403637151.488319 26.217819
1403637151.538319 26.830306
1403637151.588319 26.169718
1403637151.638319 24.908222
1403637151.688319 23.644925
1403637151.738319 24.151920
1403637151.788319 23.921369
1403637151.838319 16.231637
1403637151.888319 24.862176
1403637151.938319 22.948356
1403637151.988319 24.324496
1403637152.038319 16.772618
1403637152.088319 23.737075
1403637152.138319 23.602284
1403637152.188319 25.804703
1403637152.238319 25.667041
1403637152.288319 24.009493
1403637152.338319 23.414854
1403637152.388319 23.117390
1403637152.438319 15.656222
1403637152.488319 15.892498
1403637152.538319 23.688993
1403637152.588319 15.794994
1403637152.638319 23.676322
1403637152.688319 23.579656
1403637152.738319 24.907505
1403637152.788319 15.091174
1403637152.838319 23.612778
1403637152.888319 23.779320
1403637152.938319 26.246445
1403637152.988319 24.198054
1403637153.038319 25.531832
1403637153.088319 24.003868
1403637153.138319 24.937672
1403637153.188319 24.411487
1403637153.238319 16.284511
1403637153.288319 22.821273
1403637153.338319 23.587362
1403637153.388319 25.634060
1403637153.438319 16.664183
1403637153.488319 24.167849
1403637153.538319 22.436350
1403637153.588319 23.879160
1403637153.638319 25.115869
1403637153.688319 22.764004
1403637153.738319 23.408005
1403637153.788319 24.916666
1403637153.838319 23.779974
1403637153.888319 15.646165
1403637153.938319 24.323820
1403637153.988319 24.971888
1403637154.038319 24.458387
1403637154.088319 24.776511
1403637154.138319 25.511261
1403637154.188319 15.430215
1403637154.238319 23.615316
1403637154.288319 24.049471
1403637154.338319 24.608814
1403637154.388319 25.473784
1403637154.438319 24.494718
1403637154.488319 26.175873
1403637154.538319 23.565995
1403637154.588319 23.952755
1403637154.638319 25.823617
1403637154.688319 22.976357
1403637154.738319 24.816843
1403637154.788319 27.594460
1403637154.838319 31.997440
1403637154.888319 27.094062
1403637154.938319 24.049418
1403637154.988319 25.324771
1403637155.038319 23.503306
1403637155.088319 29.762142
1403637155.138319 30.414925
1403637155.188319 27.510820
1403637155.238319 25.130573
1403637155.288319 23.923819
1403637155.338319 24.341873
1403637155.388319 25.205911
1403637155.438319 22.741918
1403637155.488319 25.319446
1403637155.538319 24.397713
1403637155.588319 25.430598
1403637155.638319 23.194335
1403637155.688319 23.635109
1403637155.738319 26.632952
1403637155.788319 26.147690
1403637155.838319 23.080429
1403637155.888319 24.311807
1403637155.938319 24.777345
1403637155.988319 26.437700
1403637156.038319 23.540881
1403637156.088319 24.551510
1403637156.138319 23.291374
1403637156.188319 25.626732
1403637156.238319 24.387325
1403637156.288319 25.864134
1403637156.338319 23.360364
1403637156.388319 26.997829
1403637156.438319 25.516062
1403637156.488319 25.527311
1403637156.538319 22.893728
1403637156.588319 25.134579
1403637156.638319 24.600501
1403637156.688319 24.552692
1403637156.738319 24.579949
1403637156.788319 25.294486
1403637156.838319 23.667613
1403637156.888319 25.006472
1403637156.938319 25.176276
1403637156.988319 25.735312
1403637157.038319 25.470066
1403637157.088319 23.011825
1403637157.138319 24.447851
1403637157.188319 24.212470
1403637157.238319 24.393070
1403637157.288319 22.992127
1403637157.338319 23.798892
1403637157.388319 31.571758
1403637157.438319 30.977150
1403637157.488319 31.997907
1403637157.538319 29.948483
1403637157.588319 26.087605
1403637157.638319 23.953963
1403637157.688319 23.038444
1403637157.738319 24.467495
1403637157.788319 27.338590
1403637157.838319 32.871945
1403637157.888319 25.113336
1403637157.938319 30.848720
1403637157.988319 28.004377
1403637158.038319 32.124927
1403637158.088319 30.371757
1403637158.138319 25.440738
1403637158.188319 25.264313
1403637158.238319 23.390410
1403637158.288319 25.350039
1403637158.338319 25.142444
1403637158.388319 26.949518
1403637158.438319 24.846646
1403637158.488319 24.742703
1403637158.538319 24.497604
1403637158.588319 27.145009
1403637158.638319 23.994285
1403637158.688319 23.399934
1403637158.738319 23.140590
1403637158.788319 24.499536
1403637158.838319 26.792827
1403637158.888319 25.557481
1403637158.938319 27.869146
1403637158.988319 24.685737
1403637159.038319 31.672180
1403637159.088319 26.500779
1403637159.138319 35.614149
1403637159.188319 28.489519
1403637159.238319 28.636161
1403637159.288319 27.036041
1403637159.338319 28.163632
1403637159.388319 25.162570
1403637159.438319 26.049603
1403637159.488319 23.876415
1403637159.538319 26.312780
1403637159.588319 28.230688
1403637159.638319 25.517910
1403637159.688319 22.216091
1403637159.738319 24.905433
1403637159.788319 26.859437
1403637159.838319 28.777839
1403637159.888319 27.826364
1403637159.938319 25.665822
1403637159.988319 26.721738
1403637160.038319 31.661841
1403637160.088319 25.700373
1403637160.138319 23.717352
1403637160.188319 22.872725
1403637160.238319 25.909455
1403637160.288319 23.246422
1403637160.338319 24.392334
1403637160.388319 28.513150
1403637160.438319 24.008615
1403637160.488319 25.838703
1403637160.538319 29.335042
1403637160.588319 24.519488
1403637160.638319 24.004869
1403637160.688319 24.860060
1403637160.738319 25.338725
1403637160.788319 24.994414
1403637160.838319 28.309638
1403637160.888319 23.098300
1403637160.938319 22.799574
1403637160.988319 23.893424
1403637161.038319 26.147519
1403637161.088319 23.807030
1403637161.138319 25.097924
1403637161.188319 24.386366
1403637161.238319 24.235420
1403637161.288319 24.342382
1403637161.338319 23.873864
1403637161.388319 25.072782
1403637161.438319 24.345739
1403637161.488319 24.547296
1403637161.538319 22.999635
1403637161.588319 26.116615
1403637161.638319 25.040939
1403637161.688319 24.367062
1403637161.738319 26.242849
1403637161.788319 24.647009
1403637161.838319 24.224077
1403637161.888319 24.000677
1403637161.938319 26.140166
1403637161.988319 24.416718
1403637162.038319 24.873417
1403637162.088319 24.065401
1403637162.138319 32.946649
1403637162.188319 31.896114
1403637162.238319 31.319251
1403637162.288319 28.112436
1403637162.338319 23.731924
1403637162.388319 24.546877
1403637162.438319 29.822722
1403637162.488319 28.522988
1403637162.538319 31.648066
1403637162.588319 26.817756
1403637162.638319 24.030766
1403637162.688319 24.142518
1403637162.738319 24.870676
1403637162.788319 26.246430
1403637162.838319 24.495558
1403637162.888319 23.774553
1403637162.938319 25.579893
1403637162.988319 24.813676
1403637163.038319 24.546246
1403637163.088319 23.151176
1403637163.138319 24.061887
1403637163.188319 23.679868
1403637163.238319 25.108245
1403637163.288319 24.803874
1403637163.338319 22.989775
1403637163.388319 24.680202
1403637163.438319 22.734314
1403637163.488319 23.172991
1403637163.538319 25.019931
1403637163.588319 23.463230
1403637163.638319 23.978462
1403637163.688319 24.124608
1403637163.738319 22.621856
1403637163.788319 24.571448
1403637163.838319 24.332559
1403637163.888319 23.130240
1403637163.938319 23.190551
1403637163.988319 24.388636
1403637164.038319 25.359032
1403637164.088319 23.987002
1403637164.138319 25.008153
1403637164.188319 25.756194
1403637164.238319 26.090786
1403637164.288319 24.411613
1403637164.338319 24.059074
1403637164.388319 26.247194
1403637164.438319 24.585982
1403637164.488319 27.160298
1403637164.538319 24.633836
1403637164.588319 23.324043
1403637164.638319 23.740441
1403637164.688319 23.546273
1403637164.738319 27.186066
1403637164.788319 25.566039
1403637164.838319 23.582806
1403637164.888319 27.028772
1403637164.938319 31.668694
1403637164.988319 28.302503
1403637165.038319 23.428226
1403637165.088319 23.587320
1403637165.138319 23.918832
1403637165.188319 24.645257
1403637165.238319 22.384852
1403637165.288319 24.699233
1403637165.338319 23.144602
1403637165.388319 23.759391
1403637165.438319 26.051053
1403637165.488319 26.702046
1403637165.538319 23.494252
1403637165.588319 23.566644
1403637165.638319 24.763409
1403637165.688319 23.915577
1403637165.738319 23.612205
1403637165.788319 23.479637
1403637165.838319 23.550321
1403637165.888319 26.583855
1403637165.938319 23.001899
1403637165.988319 23.015916
1403637166.038319 29.319078
1403637166.088319 23.188687
1403637166.138319 22.867392
1403637166.188319 23.859526
1403637166.238319 24.069035
1403637166.288319 27.744156
1403637166.338319 30.667644
1403637166.388319 23.108602
1403637166.438319 24.222095
1403637166.488319 29.097717
1403637166.538319 23.319505
1403637166.588319 25.704112
1403637166.638319 22.191151
1403637166.688319 23.857468
1403637166.738319 22.735027
1403637166.788319 23.301907
1403637166.838319 23.180787
1403637166.888319 26.887305
1403637166.938319 22.398946
1403637166.988319 22.579172
1403637167.038319 22.600680
1403637167.088319 23.398649
1403637167.138319 23.151779
1403637167.188319 24.542603
1403637167.238319 22.781954
1403637167.288319 24.554887
1403637167.338319 22.514341
1403637167.388319 23.378512
1403637167.438319 24.090717
1403637167.488319 21.727659
1403637167.538319 21.950897
1403637167.588319 24.120857
1403637167.638319 23.652102
1403637167.688319 27.845496
1403637167.738319 23.593018
1403637167.788319 24.680347
1403637167.838319 22.639198
1403637167.888319 36.822438
1403637167.938319 23.243713
1403637167.988319 25.318715
1403637168.038319 29.192509
1403637168.088319 23.125200
1403637168.138319 22.774864
1403637168.188319 25.819459
1403637168.238319 23.856027
1403637168.288319 23.370705
1403637168.338319 23.145402
1403637168.388319 23.912571
1403637168.438319 23.446673
1403637168.488319 23.349160
1403637168.538319 23.085852
1403637168.588319 23.989183
1403637168.638319 23.489779
1403637168.688319 23.711576
1403637168.738319 29.707805
1403637168.788319 27.145101
1403637168.838319 30.204476
1403637168.888319 26.326789
1403637168.938319 30.799460
1403637168.988319 27.039899
1403637169.038319 22.745855
1403637169.088319 24.538050
1403637169.138319 23.397195
1403637169.188319 24.060262
1403637169.238319 22.515061
1403637169.288319 24.871309
1403637169.338319 23.546277
1403637169.388319 23.461787
1403637169.438319 26.131387
1403637169.488319 24.285626
1403637169.538319 31.565498
1403637169.588319 30.045323
1403637169.638319 33.690747
1403637169.688319 24.187766
1403637169.738319 33.122704
1403637169.788319 25.247002
1403637169.838319 24.534581
1403637169.888319 25.205407
1403637169.938319 26.295847
1403637169.988319 26.081786
1403637170.038319 23.554278
1403637170.088319 25.623357
1403637170.138319 23.899556
1403637170.188319 24.223163
1403637170.238319 25.405550
1403637170.288319 24.286193
1403637170.338319 23.422834
1403637170.388319 26.562248
1403637170.438319 25.172332
1403637170.488319 28.356450
1403637170.538319 31.203797
1403637170.588319 26.542430
1403637170.638319 23.771577
1403637170.688319 24.310890
1403637170.738319 25.631667
1403637170.788319 24.162874
1403637170.838319 22.809464
1403637170.888319 23.732335
1403637170.938319 23.916730
1403637170.988319 25.106756
1403637171.038319 24.611239
1403637171.088319 25.859410
1403637171.138319 25.658497
1403637171.188319 24.210627
1403637171.238319 25.028384
1403637171.288319 23.652786
1403637171.338319 23.325932
1403637171.388319 29.640670
1403637171.438319 24.094631
1403637171.488319 22.892459
1403637171.538319 24.103056
1403637171.588319 24.723378
1403637171.638319 24.656144
1403637171.688319 23.284752
1403637171.738319 23.732775
1403637171.788319 24.073013
1403637171.838319 24.981362
1403637171.888319 22.595828
1403637171.938319 23.521866
1403637171.988319 24.176097
1403637172.038319 23.400821
1403637172.088319 24.077275
1403637172.138319 24.510950
1403637172.188319 25.409309
1403637172.238319 25.294123
1403637172.288319 28.104210
1403637172.338319 25.879183
1403637172.388319 25.186321
1403637172.438319 24.419395
1403637172.488319 24.056303
1403637172.538319 24.384321
1403637172.588319 24.135936
1403637172.638319 23.727327
1403637172.688319 22.920972
1403637172.738319 24.032557
1403637172.788319 24.465396
1403637172.838319 22.974007
1403637172.888319 24.871524
1403637172.938319 25.570953
1403637172.988319 24.738210
1403637173.038319 23.994804
1403637173.088319 24.950742
1403637173.138319 30.718103
1403637173.188319 28.251113
1403637173.238319 31.375028
1403637173.288319 25.829716
1403637173.338319 27.428801
1403637173.388319 24.780149
1403637173.438319 23.966059
1403637173.488319 25.218144
1403637173.538319 24.879106
1403637173.588319 24.738437
1403637173.638319 24.062797
1403637173.688319 22.776008
1403637173.738319 23.554475
1403637173.788319 25.489640
1403637173.838319 30.519120
1403637173.888319 27.957412
1403637173.938319 30.798326
1403637173.988319 25.568211
1403637174.038319 22.772547
1403637174.088319 23.243545
1403637174.138319 25.376648
1403637174.188319 25.673601
1403637174.238319 23.299028
1403637174.288319 26.982101
1403637174.338319 22.449358
1403637174.388319 25.476361
1403637174.438319 23.199316
1403637174.488319 26.439361
1403637174.538319 23.604118
1403637174.588319 23.607732
1403637174.638319 23.859004
1403637174.688319 24.274566
1403637174.738319 22.879999
1403637174.788319 23.445828
1403637174.838319 24.210573
1403637174.888319 23.639837
1403637174.938319 25.505412
1403637174.988319 23.028674
1403637175.038319 25.370750
1403637175.088319 23.731800
1403637175.138319 23.285764
1403637175.188319 24.435087
1403637175.238319 23.631593
1403637175.288319 24.506562
1403637175.338319 23.323607
1403637175.388319 23.568924
1403637175.438319 22.994306
1403637175.488319 24.133556
1403637175.538319 23.920382
1403637175.588319 26.210383
1403637175.638319 23.437017
1403637175.688319 25.921824
1403637175.738319 24.230924
1403637175.788319 24.406822
1403637175.838319 24.160374
1403637175.888319 24.199992
1403637175.938319 23.720386
1403637175.988319 23.858324
1403637176.038319 24.447803
1403637176.088319 23.396155
1403637176.138319 23.724322
1403637176.188319 24.763338
1403637176.238319 23.442686
1403637176.288319 23.800320
1403637176.338319 24.470322
1403637176.388319 26.650549
1403637176.438319 23.296600
1403637176.488319 23.222798
1403637176.538319 25.051326
1403637176.588319 25.383670
1403637176.638319 24.895243
1403637176.688319 27.040687
1403637176.738319 24.719579
1403637176.788319 26.419999
1403637176.838319 24.124231
1403637176.888319 24.263729
1403637176.938319 25.031588
1403637176.988319 24.133518
1403637177.038319 24.715489
1403637177.088319 25.257517
1403637177.138319 30.295992
1403637177.188319 24.845467
1403637177.238319 24.989150
1403637177.288319 25.295988
1403637177.338319 24.469005
1403637177.388319 27.443960
1403637177.438319 25.444346
1403637177.488319 25.703084
1403637177.538319 25.406534
1403637177.588319 31.432331
1403637177.638319 28.775545
1403637177.688319 30.265548
1403637177.738319 23.159317
1403637177.788319 26.151410
1403637177.838319 24.485743
1403637177.888319 24.645274
1403637177.938319 23.282398
1403637177.988319 25.424963
1403637178.038319 23.896728
1403637178.088319 26.267637
1403637178.138319 23.285865
1403637178.188319 25.938099
1403637178.238319 24.085061
1403637178.288319 23.779328
1403637178.338319 23.554332
1403637178.388319 27.841539
1403637178.438319 27.223558
1403637178.488319 24.206951
1403637178.538319 22.836537
1403637178.588319 25.254342
1403637178.638319 23.782932
1403637178.688319 26.127066
1403637178.738319 23.824907
1403637178.788319 25.029154
1403637178.838319 24.341608
1403637178.888319 26.240160
1403637178.938319 30.914509
1403637178.988319 32.376539
1403637179.038319 24.570070
1403637179.088319 23.901018
1403637179.138319 22.420897
1403637179.188319 25.036461
1403637179.238319 22.098018
1403637179.288319 25.104267
1403637179.338319 24.177805
1403637179.388319 25.383047
1403637179.438319 23.725783
1403637179.488319 24.072209
1403637179.538319 28.626399
1403637179.588319 24.401587
1403637179.638319 22.923943
1403637179.688319 23.671464
1403637179.738319 24.799080
1403637179.788319 24.803583
1403637179.838319 22.653531
1403637179.888319 23.535104
1403637179.938319 24.801663
1403637179.988319 24.892761
1403637180.038319 24.383871
1403637180.088319 25.665998
1403637180.138319 22.169621
1403637180.188319 23.749016
1403637180.238319 23.287837
1403637180.288319 27.826952
1403637180.338319 24.042679
1403637180.388319 25.164890
1403637180.438319 24.758341
1403637180.488319 25.925816
1403637180.538319 23.743755
1403637180.588319 28.194152
1403637180.638319 24.201213
1403637180.688319 26.372613
1403637180.738319 24.598692
1403637180.788319 25.544643
1403637180.838319 25.134461
1403637180.888319 24.702222
1403637180.938319 26.876797
1403637180.988319 25.543611
1403637181.038319 24.154273
1403637181.088319 26.444020
1403637181.138319 24.741958
1403637181.188319 27.298896
1403637181.238319 24.827951
1403637181.288319 24.975331
1403637181.338319 24.608554
1403637181.388319 25.257611
1403637181.438319 27.489555
1403637181.488319 24.548595
1403637181.538319 24.500178
1403637181.588319 24.464743
1403637181.638319 26.070640
1403637181.688319 24.833028
1403637181.738319 25.284946
1403637181.788319 23.268700
1403637181.838319 23.850858
1403637181.888319 23.803329
1403637181.938319 22.925298
1403637181.988319 24.614947
1403637182.038319 26.390064
1403637182.088319 24.901128
1403637182.138319 25.925797
1403637182.188319 24.073870
1403637182.238319 25.114948
1403637182.288319 24.065604
1403637182.338319 24.489374
1403637182.388319 26.339358
1403637182.438319 24.630029
1403637182.488319 25.117282
1403637182.538319 26.727688
1403637182.588319 32.679994
1403637182.638319 30.219338
1403637182.688319 32.194514
1403637182.738319 32.342230
1403637182.788319 30.307545
1403637182.838319 30.950546
1403637182.888319 29.570155
1403637182.938319 31.269003
1403637182.988319 27.841083
1403637183.038319 25.621755
1403637183.088319 23.485661
1403637183.138319 24.338337
1403637183.188319 24.603078
1403637183.238319 31.662117
1403637183.288319 27.127134
1403637183.338319 23.761208
1403637183.388319 24.309884
1403637183.438319 24.884279
1403637183.488319 25.500168
1403637183.538319 23.252589
1403637183.588319 29.081655
1403637183.638319 24.408165
1403637183.688319 29.620174
1403637183.738319 23.499145
1403637183.788319 26.531885
1403637183.838319 23.654317
1403637183.888319 25.445533
1403637183.938319 23.762435
1403637183.988319 27.585426
1403637184.038319 30.786849
1403637184.088319 30.765646
1403637184.138319 32.443675
1403637184.188319 27.066884
1403637184.238319 25.215165
1403637184.288319 26.552735
1403637184.338319 26.916747
1403637184.388319 24.560558
1403637184.438319 25.289514
1403637184.488319 33.313584
1403637184.538319 30.621527
1403637184.588319 33.428397
1403637184.638319 33.080003
1403637184.688319 26.500507
1403637184.738319 25.572322
1403637184.788319 24.769498
1403637184.838319 25.009925
1403637184.888319 26.459600
1403637184.938319 24.363053
1403637184.988319 26.966920
1403637185.038319 24.331029
1403637185.088319 23.262222
1403637185.138319 25.827525
1403637185.188319 23.775389
1403637185.238319 24.309492
1403637185.288319 24.842971
1403637185.338319 26.467899
1403637185.388319 22.748988
1403637185.438319 26.426892
1403637185.488319 23.456287
1403637185.538319 25.227385
1403637185.588319 25.640314
1403637185.638319 22.830568
1403637185.688319 23.308810
1403637185.738319 24.445819
1403637185.788319 24.316097
1403637185.838319 24.499809
1403637185.888319 23.760437
1403637185.938319 30.027868
1403637185.988319 30.797063
1403637186.038319 24.440769
1403637186.088319 24.333656
1403637186.138319 24.793933
1403637186.188319 24.958216
1403637186.238319 24.374560
1403637186.288319 25.409675
1403637186.338319 25.471593
1403637186.388319 23.985836
1403637186.438319 24.037759
1403637186.488319 23.343723
1403637186.538319 23.008787
1403637186.588319 24.411277
1403637186.638319 30.654551
1403637186.688319 26.993846
1403637186.738319 23.971793
1403637186.788319 22.357859
1403637186.838319 31.174164
1403637186.888319 33.374678
1403637186.938319 25.361219
1403637186.988319 23.060919
1403637187.038319 24.010991
1403637187.088319 22.428603
1403637187.138319 24.231512
1403637187.188319 23.608207
1403637187.238319 23.245585
1403637187.288319 23.714943
1403637187.338319 23.302142
1403637187.388319 23.941486
1403637187.438319 23.534382
1403637187.488319 25.140147
1403637187.538319 30.606984
1403637187.588319 30.238955
1403637187.638319 30.395561
1403637187.688319 30.712660
1403637187.738319 27.063104
1403637187.788319 14.639554
1403637187.838319 28.419622
1403637187.888319 25.504065
1403637187.938319 23.795911
1403637187.988319 25.933802
1403637188.038319 24.197611
1403637188.088319 24.738866
1403637188.138319 25.548637
1403637188.188319 24.981707
1403637188.238319 23.176968
1403637188.288319 24.813818
1403637188.338319 25.105852
1403637188.388319 24.060600
1403637188.438319 23.883526
1403637188.488319 24.238227
1403637188.538319 24.374483
1403637188.588319 23.732175
1403637188.638319 25.068178
1403637188.688319 25.853537
1403637188.738319 32.298657
1403637188.788319 23.846130
1403637188.838319 26.276007
1403637188.888319 23.224330
1403637188.938319 24.339880
1403637188.988319 24.218282
1403637189.038319 24.911855
1403637189.088319 24.085057
1403637189.138319 23.810405
1403637189.188319 24.582452
1403637189.238319 24.197111
1403637189.288319 24.223954
1403637189.338319 23.881922
1403637189.388319 24.935353
1403637189.438319 23.411467
1403637189.488319 24.347512
1403637189.538319 24.676928
1403637189.588319 29.593636
1403637189.638319 32.806430
1403637189.688319 26.878537
1403637189.738319 22.766514
1403637189.788319 24.815055
1403637189.838319 24.100012
1403637189.888319 25.913105
1403637189.938319 24.554813
1403637189.988319 24.520292
1403637190.038319 24.098776
1403637190.088319 25.290525
1403637190.138319 24.523357
1403637190.188319 24.946346
1403637190.238319 29.593959
1403637190.288319 25.043006
1403637190.338319 23.889009
1403637190.388319 24.203055
1403637190.438319 24.910516
1403637190.488319 27.193263
1403637190.538319 31.132997
1403637190.588319 29.258299
1403637190.638319 30.689336
1403637190.688319 28.125001
1403637190.738319 24.192291
1403637190.788319 24.197488
1403637190.838319 24.232946
1403637190.888319 26.175779
1403637190.938319 24.379736
1403637190.988319 25.203411
1403637191.038319 24.070287
1403637191.088319 24.342993
1403637191.138319 24.452919
1403637191.188319 23.782174
1403637191.238319 24.287523
1403637191.288319 23.316699
1403637191.338319 23.823905
1403637191.388319 25.627629
1403637191.438319 22.620148
1403637191.488319 25.082316
1403637191.538319 30.677914
1403637191.588319 26.440799
1403637191.638319 29.875545
1403637191.688319 26.263006
1403637191.738319 31.808223
1403637191.788319 25.765018
1403637191.838319 24.410692
1403637191.888319 24.960625
1403637191.938319 23.959437
1403637191.988319 25.079861
1403637192.038319 24.448794
1403637192.088319 25.165800
1403637192.138319 23.203720
1403637192.188319 24.974419
1403637192.238319 23.242304
1403637192.288319 23.667553
1403637192.338319 22.917194
1403637192.388319 23.567203
1403637192.438319 23.260943
1403637192.488319 24.463672
1403637192.538319 30.015192
1403637192.588319 26.905856
1403637192.638319 23.247819
1403637192.688319 21.501377
1403637192.738319 22.825993
1403637192.788319 22.390792
1403637192.838319 22.983913
1403637192.888319 21.768486
1403637192.938319 22.768159
1403637192.988319 21.799697
1403637193.038319 29.903719
1403637193.088319 26.377854
1403637193.138319 27.948769
1403637193.188319 26.844653
1403637193.238319 23.386369
1403637193.288319 23.680961
1403637193.338319 24.155740
1403637193.388319 28.631091
1403637193.438319 30.966911
1403637193.488319 22.237794
1403637193.538319 24.277323
1403637193.588319 23.888759
1403637193.638319 25.562964
1403637193.688319 21.949419
1403637193.738319 23.448963
1403637193.788319 23.358978
1403637193.838319 23.472727
1403637193.888319 23.138804
1403637193.938319 23.421168
1403637193.988319 24.320139
1403637194.038319 24.922140
1403637194.088319 22.471171
1403637194.138319 23.089937
1403637194.188319 22.775665
1403637194.238319 24.505933
1403637194.288319 24.121305
1403637194.338319 23.847377
1403637194.388319 24.627665
1403637194.438319 23.297160
1403637194.488319 23.779984
1403637194.538319 24.451797
1403637194.588319 23.185360
1403637194.638319 22.685769
1403637194.688319 23.796501
1403637194.738319 24.250589
1403637194.788319 24.117252
1403637194.838319 22.849829
1403637194.888319 24.829362
1403637194.938319 31.220996
1403637194.988319 25.568416
1403637195.038319 30.238543
1403637195.088319 29.595797
1403637195.138319 32.596372
1403637195.188319 26.167525
1403637195.238319 25.279727
1403637195.288319 25.219759
1403637195.338319 30.416682
1403637195.388319 27.408148
1403637195.438319 32.007906
1403637195.488319 23.712988
1403637195.538319 24.958684
1403637195.588319 22.657594
1403637195.638319 30.928863
1403637195.688319 27.430369
1403637195.738319 26.445801
1403637195.788319 24.392964
1403637195.838319 25.753470
1403637195.888319 27.154364
1403637195.938319 34.094897
1403637195.988319 27.098886
1403637196.038319 33.188117
1403637196.088319 27.309184
1403637196.138319 24.952587
1403637196.188319 24.346438
1403637196.238319 23.395396
1403637196.288319 23.951159
1403637196.338319 24.187208
1403637196.388319 25.123514
1403637196.438319 24.812495
1403637196.488319 25.254546
1403637196.538319 25.382721
1403637196.588319 23.540795
1403637196.638319 24.750142
1403637196.688319 40.959471
1403637196.738319 33.714685
1403637196.788319 26.666835
1403637196.838319 24.493844
1403637196.888319 22.983939
1403637196.938319 26.258064
1403637196.988319 23.333297
1403637197.038319 25.221744
1403637197.088319 27.853883
1403637197.138319 31.506549
1403637197.188319 26.636531
1403637197.238319 23.717328
1403637197.288319 24.469159
1403637197.338319 25.835345
1403637197.388319 25.762493
1403637197.438319 31.648793
1403637197.488319 25.822599
1403637197.538319 26.114329
1403637197.588319 24.892370
1403637197.638319 26.167909
1403637197.688319 24.276943
1403637197.738319 24.438212
1403637197.788319 24.661075
1403637197.838319 24.176585
1403637197.888319 23.981016
1403637197.938319 24.330205
1403637197.988319 25.173665
1403637198.038319 25.730054
1403637198.088319 22.685894
1403637198.138319 25.616532
1403637198.188319 24.675665
1403637198.238319 24.371076
1403637198.288319 24.824255
1403637198.338319 25.297905
1403637198.388319 23.837134
1403637198.438319 24.449441
1403637198.488319 24.794586
1403637198.538319 24.419237
1403637198.588319 23.664246
1403637198.638319 25.038956
1403637198.688319 24.291119
1403637198.738319 27.867805
1403637198.788319 25.064946
1403637198.838319 22.120348
1403637198.888319 23.368413
1403637198.938319 26.078909
1403637198.988319 23.589071
1403637199.038319 24.509522
1403637199.088319 23.867482
1403637199.138319 25.503552
1403637199.188319 24.687450
1403637199.238319 31.350504
1403637199.288319 26.700039
1403637199.338319 24.765955
1403637199.388319 24.050454
1403637199.438319 23.336929
1403637199.488319 24.414237
1403637199.538319 23.908345
1403637199.588319 24.703528
1403637199.638319 22.818015
1403637199.688319 24.956154
1403637199.738319 25.256713
1403637199.788319 26.348476
1403637199.838319 25.040316
1403637199.888319 27.122836
1403637199.938319 24.939311
1403637199.988319 24.783611
1403637200.038319 24.001201
1403637200.088319 25.994321
1403637200.138319 23.812511
1403637200.188319 26.210602
1403637200.238319 32.227230
1403637200.288319 29.391395
1403637200.338319 26.672115
1403637200.388319 29.101482
1403637200.438319 25.350547
1403637200.488319 25.460942
1403637200.538319 26.009233
1403637200.588319 24.690566
1403637200.638319 31.116472
1403637200.688319 27.660971
1403637200.738319 24.941141
1403637200.788319 24.407412
1403637200.838319 24.908770
1403637200.888319 25.175944
1403637200.938319 25.182930
1403637200.988319 24.633713
1403637201.038319 25.174220
1403637201.088319 23.834189
1403637201.138319 24.304587
1403637201.188319 24.187730
1403637201.238319 24.708519
1403637201.288319 23.773743
1403637201.338319 25.216047
1403637201.388319 24.055336
1403637201.438319 25.691370
1403637201.488319 24.558824
1403637201.538319 24.449941
1403637201.588319 25.170583
1403637201.638319 24.041497
1403637201.688319 24.880838
1403637201.738319 24.498723
1403637201.788319 23.214526
1403637201.838319 25.716236
1403637201.888319 30.775854
1403637201.938319 25.153539
1403637201.988319 24.760532
1403637202.038319 25.003574
1403637202.088319 23.315224
1403637202.138319 23.113668
1403637202.188319 23.515484
1403637202.238319 23.902394
1403637202.288319 24.035659
1403637202.338319 23.393252
1403637202.388319 26.922471
1403637202.438319 23.908688
1403637202.488319 25.074139
1403637202.538319 25.323448
1403637202.588319 23.495528
1403637202.638319 31.685125
1403637202.688319 27.383607
1403637202.738319 25.451208
1403637202.788319 30.899309
1403637202.838319 31.272432
1403637202.888319 33.341224
1403637202.938319 32.111835
1403637202.988319 30.104921
1403637203.038319 31.644164
1403637203.088319 28.887202
1403637203.138319 32.763808
1403637203.188319 25.831252
1403637203.238319 24.787526
1403637203.288319 25.095392
1403637203.338319 25.462763
1403637203.388319 23.074445
1403637203.438319 24.202935
1403637203.488319 27.103046
1403637203.538319 19.814521
1403637203.588319 30.845316
1403637203.638319 24.968317
1403637203.688319 23.599011
1403637203.738319 24.991134
1403637203.788319 24.914748
1403637203.838319 26.215701
1403637203.888319 16.625218
1403637203.938319 34.498466
1403637203.988319 23.555184
1403637204.038319 23.462145
1403637204.088319 23.991119
1403637204.138319 24.199094
1403637204.188319 22.034898
1403637204.238319 16.157942
1403637204.288319 22.713358
1403637204.338319 22.890831
1403637204.388319 14.800228
1403637204.438319 30.814738
1403637204.488319 30.568142
1403637204.538319 33.315479
1403637204.588319 24.169126
1403637204.638319 23.712452
1403637204.688319 24.201436
1403637204.738319 15.604076
1403637204.788319 24.712104
1403637204.838319 23.347357
1403637204.888319 21.419975
1403637204.938319 23.518475
1403637204.988319 22.556993
1403637205.038319 24.278772
1403637205.088319 23.981793
1403637205.138319 23.688094
1403637205.188319 15.864855
1403637205.238319 24.340358
1403637205.288319 23.658106
1403637205.338319 15.890227
1403637205.388319 22.361806
1403637205.438319 23.827513
1403637205.488319 22.872046
1403637205.538319 22.334684
1403637205.588319 23.415829
1403637205.638319 23.466223
1403637205.688319 15.238407
1403637205.738319 24.237107
1403637205.788319 16.870297
1403637205.838319 16.084957
1403637205.888319 22.837832
1403637205.938319 22.585748
1403637205.988319 14.826414
1403637206.038319 23.292892
1403637206.088319 16.706415
1403637206.138319 24.691939
1403637206.188319 21.508887
1403637206.238319 18.428004
1403637206.288319 24.655983
1403637206.338319 14.612536
1403637206.388319 23.790540
1403637206.438319 23.747232
1403637206.488319 15.571509
1403637206.538319 15.714026
1403637206.588319 15.508106
1403637206.638319 24.690523
1403637206.688319 15.099488
1403637206.738319 15.325066
1403637206.788319 22.846634
1403637206.838319 18.335877
1403637206.888319 17.834598
1403637206.938319 30.768997
1403637206.988319 25.869564
1403637207.038319 16.383422
1403637207.088319 23.443933
1403637207.138319 15.562143
1403637207.188319 15.657620
1403637207.238319 15.535538
1403637207.288319 24.949418
1403637207.338319 23.539140
1403637207.388319 15.229049
1403637207.438319 29.899250
1403637207.488319 23.008930
1403637207.538319 22.665448
1403637207.588319 21.969511
1403637207.638319 22.836151
1403637207.688319 22.614261
1403637207.738319 24.764511
1403637207.788319 13.978113
1403637207.838319 14.803797
1403637207.888319 25.253193
1403637207.938319 30.673296
1403637207.988319 20.123955
1403637208.038319 25.494659
1403637208.088319 15.588577
1403637208.138319 23.963844
1403637208.188319 22.754148
1403637208.238319 14.290602
1403637208.288319 15.323629
1403637208.338319 15.319606
1403637208.388319 24.448165
1403637208.438319 16.337183
1403637208.488319 15.217184
1403637208.538319 16.394142
1403637208.588319 14.646879
1403637208.638319 14.881181
1403637208.688319 15.243221
1403637208.738319 16.582745
1403637208.788319 24.785456
1403637208.838319 19.076848
1403637208.888319 18.719692
1403637208.938319 20.136824
1403637208.988319 26.965793
1403637209.038319 22.558351
1403637209.088319 21.736651
1403637209.138319 23.441638
1403637209.188319 24.259666
1403637209.238319 23.355743
1403637209.288319 21.514494
1403637209.338319 31.151006
1403637209.388319 25.839612
1403637209.438319 24.551046
1403637209.488319 30.499660
1403637209.538319 32.596375
1403637209.588319 27.618133
1403637209.638319 23.367042
1403637209.688319 25.301781
1403637209.738319 27.011615
1403637209.788319 23.422890
1403637209.838319 25.809770
1403637209.888319 25.804253
1403637209.938319 23.565513
1403637209.988319 24.783586
1403637210.038319 25.216816
1403637210.088319 25.106447
1403637210.138319 25.326673
1403637210.188319 24.352129
1403637210.238319 24.675778
1403637210.288319 25.851458
1403637210.338319 24.022048
1403637210.388319 25.861600
1403637210.438319 25.982233
1403637210.488319 23.819538
1403637210.538319 25.730890
1403637210.588319 23.185871
1403637210.638319 29.887121
1403637210.688319 24.919362
1403637210.738319 23.797541
1403637210.788319 24.154087
1403637210.838319 23.547373
1403637210.888319 27.991315
1403637210.938319 24.669143
1403637210.988319 25.612053
1403637211.038319 24.284184
1403637211.088319 24.415129
1403637211.138319 25.926792
1403637211.188319 24.015138
1403637211.238319 23.429237
1403637211.288319 25.300620
1403637211.338319 26.629274
1403637211.388319 24.451065
1403637211.438319 25.452742
1403637211.488319 26.985994
1403637211.538319 24.642084
1403637211.588319 23.412214
1403637211.638319 25.417974
1403637211.688319 23.132604
1403637211.738319 24.465721
1403637211.788319 23.700809
1403637211.838319 24.642187
1403637211.888319 22.976681
1403637211.938319 32.060339
1403637211.988319 29.716886
1403637212.038319 30.360707
1403637212.088319 30.833275
1403637212.138319 24.427116
1403637212.188319 23.886985
1403637212.238319 23.600987
1403637212.288319 24.966101
1403637212.338319 25.042411
1403637212.388319 23.561397
1403637212.438319 24.618885
1403637212.488319 24.903715
1403637212.538319 23.593948
1403637212.588319 25.058637
1403637212.638319 23.505249
1403637212.688319 25.707859
1403637212.738319 26.069107
1403637212.788319 26.773100
1403637212.838319 25.840333
1403637212.888319 24.806623
1403637212.938319 24.377847
1403637212.988319 24.830654
1403637213.038319 23.812800
1403637213.088319 30.898122
1403637213.138319 24.913425
1403637213.188319 23.500732
1403637213.238319 25.022123
1403637213.288319 24.172871
1403637213.338319 24.130571
1403637213.388319 24.435568
1403637213.438319 25.121848
1403637213.488319 30.491741
1403637213.538319 24.249307
1403637213.588319 24.806011
1403637213.638319 25.072611
1403637213.688319 23.833212
1403637213.738319 26.747670
1403637213.788319 26.048309
1403637213.838319 23.890271
1403637213.888319 24.993669
1403637213.938319 25.425336
1403637213.988319 24.459970
1403637214.038319 25.264645
1403637214.088319 23.080108
1403637214.138319 24.362733
1403637214.188319 24.310989
1403637214.238319 23.225716
1403637214.288319 25.144360
1403637214.338319 25.457572
1403637214.388319 25.840602
1403637214.438319 24.660289
1403637214.488319 24.682023
1403637214.538319 24.689907
1403637214.588319 25.779636
1403637214.638319 23.749548
1403637214.688319 24.639741
1403637214.738319 24.834888
1403637214.788319 24.898729
1403637214.838319 26.872729
1403637214.888319 23.691250
1403637214.938319 22.618488
1403637214.988319 25.275833
1403637215.038319 23.366391
1403637215.088319 25.287552
1403637215.138319 24.102443
1403637215.188319 23.509283
1403637215.238319 23.627002
1403637215.288319 26.109873
1403637215.338319 22.778149
1403637215.388319 24.676092
1403637215.438319 23.171788
1403637215.488319 27.166658
1403637215.538319 27.481536
1403637215.588319 26.170897
1403637215.638319 24.412640
1403637215.688319 27.297978
1403637215.738319 27.236357
1403637215.788319 26.886609
1403637215.838319 26.345758
1403637215.888319 25.715008
1403637215.938319 25.181213
1403637215.988319 30.460466
1403637216.038319 24.145885
1403637216.088319 25.530849
1403637216.138319 32.639398
1403637216.188319 30.530280
1403637216.238319 31.079187
1403637216.288319 29.247411
1403637216.338319 25.423317
1403637216.388319 24.112566
1403637216.438319 24.217896
1403637216.488319 32.857817
1403637216.538319 31.601866
1403637216.588319 24.869035
1403637216.638319 26.567424
1403637216.688319 23.797441
1403637216.738319 25.204636
1403637216.788319 30.848244
1403637216.838319 30.960378
1403637216.888319 24.899497
1403637216.938319 24.318281
1403637216.988319 30.137143
1403637217.038319 23.092938
1403637217.088319 26.179750
1403637217.138319 23.920027
1403637217.188319 24.101904
1403637217.238319 22.949076
1403637217.288319 24.035385
1403637217.338319 24.804589
1403637217.388319 24.595480
1403637217.438319 25.040007
1403637217.488319 27.107732
1403637217.538319 25.025153
1403637217.588319 24.667348
1403637217.638319 24.029187
1403637217.688319 23.647681
1403637217.738319 23.699689
1403637217.788319 24.803197
1403637217.838319 23.633457
1403637217.888319 25.389749
1403637217.938319 25.814237
1403637217.988319 24.266732
1403637218.038319 25.210230
1403637218.088319 24.473934
1403637218.138319 24.560054
1403637218.188319 27.296022
1403637218.238319 29.756219
1403637218.288319 29.094945
1403637218.338319 23.482409
1403637218.388319 23.876344
1403637218.438319 32.250106
1403637218.488319 34.116946
1403637218.538319 25.199638
1403637218.588319 25.152856
1403637218.638319 25.000229
1403637218.688319 25.018195
1403637218.738319 23.673898
1403637218.788319 26.945576
1403637218.838319 23.868942
1403637218.888319 23.862683
1403637218.938319 24.144605
1403637218.988319 27.127456
1403637219.038319 24.148732
1403637219.088319 26.497975
1403637219.138319 33.389277
1403637219.188319 27.806536
1403637219.238319 23.016157
1403637219.288319 25.131110
1403637219.338319 26.829461
1403637219.388319 32.243152
1403637219.438319 31.043911
1403637219.488319 24.311639
1403637219.538319 25.192031
1403637219.588319 24.602514
1403637219.638319 22.872711
1403637219.688319 24.670835
1403637219.738319 25.587673
1403637219.788319 24.443072
1403637219.838319 24.750304
1403637219.888319 25.179029
1403637219.938319 24.994969
1403637219.988319 23.382111
1403637220.038319 23.708575
1403637220.088319 22.996664
1403637220.138319 25.888621
1403637220.188319 22.877924
1403637220.238319 31.330190
1403637220.288319 26.106174
1403637220.338319 31.480026
1403637220.388319 25.406271
1403637220.438319 24.215156
1403637220.488319 22.672375
1403637220.538319 24.619964
1403637220.588319 23.036116
1403637220.638319 31.157249
1403637220.688319 26.462404
1403637220.738319 24.637064
1403637220.788319 23.706782
1403637220.838319 23.963783
1403637220.888319 26.569925
1403637220.938319 24.680869
1403637220.988319 26.922135
1403637221.038319 23.852567
1403637221.088319 24.263964
1403637221.138319 23.440382
1403637221.188319 23.829465
1403637221.238319 24.657177
1403637221.288319 24.185825
1403637221.338319 25.212310
1403637221.388319 26.217163
1403637221.438319 25.262353
1403637221.488319 25.844682
1403637221.538319 25.212436
1403637221.588319 24.231520
1403637221.638319 23.120223
1403637221.688319 22.943165
1403637221.738319 25.148990
1403637221.788319 16.509947
1403637221.838319 24.891297
1403637221.888319 24.203563
1403637221.938319 25.415708
1403637221.988319 25.433847
1403637222.038319 31.594922
1403637222.088319 27.524777
1403637222.138319 32.331646
1403637222.188319 25.769909
1403637222.238319 24.209366
1403637222.288319 23.402829
1403637222.338319 24.209000
1403637222.388319 24.490699
1403637222.438319 25.437635
1403637222.488319 23.463434
1403637222.538319 24.141373
1403637222.588319 24.424566
1403637222.638319 29.555088
1403637222.688319 25.192076
1403637222.738319 26.003106
1403637222.788319 22.658511
1403637222.838319 23.446376
1403637222.888319 24.479925
1403637222.938319 23.836573
1403637222.988319 23.966094
1403637223.038319 23.807554
1403637223.088319 24.509762
1403637223.138319 15.184042
1403637223.188319 16.245713
1403637223.238319 24.543250
1403637223.288319 15.141300
1403637223.338319 23.314735
1403637223.388319 16.784154
1403637223.438319 24.108408
1403637223.488319 24.180693
1403637223.538319 23.156355
1403637223.588319 25.007487
1403637223.638319 15.545665
1403637223.688319 31.887661
1403637223.738319 23.447587
1403637223.788319 23.799832
1403637223.838319 17.467417
1403637223.888319 23.126452
1403637223.938319 23.831232
1403637223.988319 22.739337
1403637224.038319 16.771323
1403637224.088319 17.951543
1403637224.138319 15.887198
1403637224.188319 15.883870
1403637224.238319 15.784907
1403637224.288319 16.339934
1403637224.338319 15.891413
1403637224.388319 23.521782
1403637224.438319 16.207747
1403637224.488319 24.112425
1403637224.538319 16.841805
1403637224.588319 24.517603
1403637224.638319 16.462495
1403637224.688319 23.751024
1403637224.738319 16.587602
1403637224.788319 22.304741
1403637224.838319 15.420841
1403637224.888319 23.686945
1403637224.938319 25.028484
1403637224.988319 14.925492
1403637225.038319 16.635963
1403637225.088319 22.413149
1403637225.138319 15.181837
1403637225.188319 23.506242
1403637225.238319 14.028156
1403637225.288319 15.361514
1403637225.338319 14.855383
1403637225.388319 23.722764
1403637225.438319 22.806960
1403637225.488319 14.255234
1403637225.538319 14.796052
1403637225.588319 14.275701
1403637225.638319 15.959179
1403637225.688319 24.330920
1403637225.738319 24.363339
1403637225.788319 24.484828
1403637225.838319 15.583841
1403637225.888319 16.854308
1403637225.938319 19.886653
1403637225.988319 31.891866
1403637226.038319 18.724881
1403637226.088319 26.780727
1403637226.138319 25.346943
1403637226.188319 25.513626
1403637226.238319 25.582629
1403637226.288319 23.817456
1403637226.338319 17.861288
1403637226.388319 24.288329
1403637226.438319 22.137589
1403637226.488319 24.014531
1403637226.538319 15.067764
1403637226.588319 24.892780
1403637226.638319 23.677470
1403637226.688319 25.794300
1403637226.738319 18.255925
1403637226.788319 19.535152
1403637226.838319 32.224822
1403637226.888319 33.193023
1403637226.938319 31.665467
1403637226.988319 28.410280
1403637227.038319 31.326182
1403637227.088319 32.378814
1403637227.138319 25.053701
1403637227.188319 23.192490
1403637227.238319 22.259526
1403637227.288319 24.181937
1403637227.338319 19.933685
1403637227.388319 31.291488
1403637227.438319 31.939731
1403637227.488319 23.693252
1403637227.538319 31.678709
1403637227.588319 23.980606
1403637227.638319 23.488324
1403637227.688319 22.895432
1403637227.738319 23.246605
1403637227.788319 22.505131
1403637227.838319 21.328968
1403637227.888319 14.531542
1403637227.938319 16.006345
1403637227.988319 15.975024
1403637228.038319 36.380245
1403637228.088319 26.152617
1403637228.138319 19.501775
1403637228.188319 19.597587
1403637228.238319 31.459145
1403637228.288319 21.647730
1403637228.338319 28.139119
1403637228.388319 23.775174
1403637228.438319 19.792966
1403637228.488319 14.737653
1403637228.538319 23.976460
1403637228.588319 16.251456
1403637228.638319 16.513391
1403637228.688319 16.084579
1403637228.738319 22.908752
1403637228.788319 22.417739
1403637228.838319 25.099929
1403637228.888319 23.207430
1403637228.938319 24.874659
1403637228.988319 26.238858
1403637229.038319 26.852620
1403637229.088319 16.180355
1403637229.138319 24.199603
1403637229.188319 22.818796
1403637229.238319 22.781087
1403637229.288319 22.211622
1403637229.338319 15.687736
1403637229.388319 23.300190
1403637229.438319 23.003486
1403637229.488319 26.860791
1403637229.538319 25.183989
1403637229.588319 25.550349
1403637229.638319 24.527937
1403637229.688319 26.057278
1403637229.738319 25.010247
1403637229.788319 25.891039
1403637229.838319 24.069873
1403637229.888319 26.325195
1403637229.938319 25.023156
1403637229.988319 22.820548
1403637230.038319 24.541972
1403637230.088319 24.429137
1403637230.138319 25.850507
1403637230.188319 24.772197
1403637230.238319 24.041926
1403637230.288319 26.212360
1403637230.338319 25.590188
1403637230.388319 24.396977
1403637230.438319 24.562677
1403637230.488319 25.613612
1403637230.538319 24.167779
1403637230.588319 23.874600
1403637230.638319 24.041246
1403637230.688319 23.541627
1403637230.738319 25.483183
1403637230.788319 25.598646
1403637230.838319 30.669872
1403637230.888319 26.807106
1403637230.938319 24.551085
1403637230.988319 24.940377
1403637231.038319 25.453808
1403637231.088319 24.051411
1403637231.138319 24.138414
1403637231.188319 24.880113
1403637231.238319 23.891716
1403637231.288319 23.826248
1403637231.338319 25.297529
1403637231.388319 24.072558
1403637231.438319 24.261677
1403637231.488319 26.654849
1403637231.538319 25.060540
1403637231.588319 23.654051
1403637231.638319 23.653270
1403637231.688319 24.610671
1403637231.738319 24.776733
1403637231.788319 24.248473
1403637231.838319 24.124590
1403637231.888319 24.741092
1403637231.938319 24.136917
1403637231.988319 24.044817
1403637232.038319 24.886764
1403637232.088319 24.729245
1403637232.138319 25.520801
1403637232.188319 24.656418
1403637232.238319 24.258366
1403637232.288319 23.825005
1403637232.338319 23.664755
1403637232.388319 24.285223
1403637232.438319 25.497399
1403637232.488319 25.495157
1403637232.538319 23.042742
1403637232.588319 26.056788
1403637232.638319 30.877705
1403637232.688319 28.072131
1403637232.738319 23.669995
1403637232.788319 25.423022
1403637232.838319 23.757537
1403637232.888319 25.019967
1403637232.938319 23.791231
1403637232.988319 27.237733
1403637233.038319 23.442103
1403637233.088319 23.910655
1403637233.138319 26.761448
1403637233.188319 24.787267
1403637233.238319 23.270931
1403637233.288319 26.225711
1403637233.338319 24.543829
1403637233.388319 28.373799
1403637233.438319 22.912568
1403637233.488319 24.888359
1403637233.538319 23.776551
1403637233.588319 25.197239
1403637233.638319 22.622706
1403637233.688319 25.358057
1403637233.738319 24.458414
1403637233.788319 24.324735
1403637233.838319 24.355254
1403637233.888319 26.545636
1403637233.938319 24.559604
1403637233.988319 25.904790
1403637234.038319 23.425757
1403637234.088319 25.441856
1403637234.138319 28.753325
1403637234.188319 25.183879
1403637234.238319 24.013260
1403637234.288319 25.367421
1403637234.338319 26.738688
1403637234.388319 30.083809
1403637234.438319 27.877658
1403637234.488319 26.428891
1403637234.538319 24.801175
1403637234.588319 24.284529
1403637234.638319 24.663012
1403637234.688319 24.679661
1403637234.738319 24.246202
1403637234.788319 24.793993
1403637234.838319 24.826376
1403637234.888319 25.118848
1403637234.938319 24.904168
1403637234.988319 26.346097
1403637235.038319 24.173005
1403637235.088319 26.163999
1403637235.138319 23.148985
1403637235.188319 26.465996
1403637235.238319 24.700249
1403637235.288319 25.574054
1403637235.338319 26.358479
1403637235.388319 25.585101
1403637235.438319 24.357759
1403637235.488319 24.581899
1403637235.538319 31.809870
1403637235.588319 28.848280
1403637235.638319 22.955435
1403637235.688319 23.058990
1403637235.738319 25.161515
1403637235.788319 24.552629
1403637235.838319 24.165952
1403637235.888319 25.195981
1403637235.938319 24.809660
1403637235.988319 24.693043
1403637236.038319 25.568132
1403637236.088319 24.947906
1403637236.138319 24.070326
1403637236.188319 24.785801
1403637236.238319 25.397735
1403637236.288319 26.007416
1403637236.338319 27.292816
1403637236.388319 24.782200
1403637236.438319 23.550859
1403637236.488319 25.141218
1403637236.538319 32.244522
1403637236.588319 31.362809
1403637236.638319 31.995265
1403637236.688319 24.352898
1403637236.738319 26.104272
1403637236.788319 25.209789
1403637236.838319 26.304816
1403637236.888319 25.672506
1403637236.938319 25.812170
1403637236.988319 28.616716
1403637237.038319 25.313644
1403637237.088319 26.294970
1403637237.138319 33.471248
1403637237.188319 26.833398
1403637237.238319 24.525462
1403637237.288319 26.087437
1403637237.338319 33.096312
1403637237.388319 24.639013
1403637237.438319 24.052489
1403637237.488319 28.721820
1403637237.538319 26.580511
1403637237.588319 31.733836
1403637237.638319 54.196500
1403637237.688319 25.152007
1403637237.738319 25.751654
1403637237.788319 23.641872
1403637237.838319 23.477931
1403637237.888319 22.489040
1403637237.938319 25.185128
1403637237.988319 24.394745
1403637238.038319 24.879147
1403637238.088319 24.995607
1403637238.138319 25.533677
1403637238.188319 24.080249
1403637238.238319 25.516000
1403637238.288319 28.293514
1403637238.338319 33.990720
1403637238.388319 26.995510
1403637238.438319 27.723313
1403637238.488319 28.091295
1403637238.538319 26.239173
1403637238.588319 34.480332
1403637238.638319 33.154703
1403637238.688319 26.817294
1403637238.738319 25.488666
1403637238.788319 24.023997
1403637238.838319 25.323681
1403637238.888319 29.236657
1403637238.938319 32.425634
1403637238.988319 25.450283
1403637239.038319 25.571537
1403637239.088319 24.479612
1403637239.138319 24.127531
1403637239.188319 24.085733
1403637239.238319 25.581577
1403637239.288319 21.287931
1403637239.338319 24.133318
1403637239.388319 22.521392
1403637239.438319 22.543042
1403637239.488319 28.469465
1403637239.538319 23.651887
1403637239.588319 24.356939
1403637239.638319 23.495327
1403637239.688319 22.366490
1403637239.738319 23.014576
1403637239.788319 24.786164
1403637239.838319 25.922795
1403637239.888319 22.706440
1403637239.938319 26.431398
1403637239.988319 23.166810
1403637240.038319 25.247639
1403637240.088319 22.200554
1403637240.138319 26.991588
1403637240.188319 23.280542
1403637240.238319 24.813910
1403637240.288319 22.491218
1403637240.338319 24.800151
1403637240.388319 24.108506
1403637240.438319 24.167763
1403637240.488319 23.956664
1403637240.538319 24.642419
1403637240.588319 30.530995
1403637240.638319 32.279474
1403637240.688319 24.324105
1403637240.738319 24.627948
1403637240.788319 24.118230
1403637240.838319 22.561183
1403637240.888319 25.364841
1403637240.938319 25.328732
1403637240.988319 25.016905
1403637241.038319 31.711687
1403637241.088319 27.856099
1403637241.138319 25.228266
1403637241.188319 35.960745
1403637241.238319 36.599248
1403637241.288319 23.958789
1403637241.338319 27.228815
1403637241.388319 25.226080
1403637241.438319 27.268901
1403637241.488319 23.937654
1403637241.538319 24.901181
1403637241.588319 25.055088
1403637241.638319 24.238993
1403637241.688319 25.383389
1403637241.738319 25.288452
1403637241.788319 26.563675
1403637241.838319 24.772444
1403637241.888319 27.564287
1403637241.938319 25.958440
1403637241.988319 25.824438
1403637242.038319 33.218506
1403637242.088319 24.073146
1403637242.138319 32.403217
1403637242.188319 27.612619
1403637242.238319 24.524334
1403637242.288319 24.138027
1403637242.338319 25.754967
1403637242.388319 23.386861
1403637242.438319 23.912448
1403637242.488319 23.908766
1403637242.538319 32.248277
1403637242.588319 28.330665
1403637242.638319 26.632483
1403637242.688319 21.946897
1403637242.738319 23.777598
1403637242.788319 24.028105
1403637242.838319 24.573907
1403637242.888319 23.356710
1403637242.938319 24.951910
1403637242.988319 21.789439
1403637243.038319 30.794380
1403637243.088319 30.434831
1403637243.138319 26.351776
1403637243.188319 24.411184
1403637243.238319 25.176711
1403637243.288319 23.800196
1403637243.338319 23.979161
1403637243.388319 23.319750
1403637243.438319 24.265806
1403637243.488319 24.549885
1403637243.538319 24.345301
1403637243.588319 26.395631
1403637243.638319 30.282274
1403637243.688319 29.560178
1403637243.738319 24.502966
1403637243.788319 23.534294
1403637243.838319 25.124753
1403637243.888319 23.471124
1403637243.938319 32.605989
1403637243.988319 28.595089
1403637244.038319 31.679408
1403637244.088319 28.958719
1403637244.138319 24.945202
1403637244.188319 23.938612
1403637244.238319 24.142337
1403637244.288319 25.036762
1403637244.338319 25.437581
1403637244.388319 24.765251
1403637244.438319 23.645127
1403637244.488319 24.439073
1403637244.538319 23.160560
1403637244.588319 24.193102
1403637244.638319 24.242704
1403637244.688319 23.808336
1403637244.738319 24.960315
1403637244.788319 26.616891
1403637244.838319 43.665904
1403637244.888319 34.902830
1403637244.938319 23.415316
1403637244.988319 24.563341
1403637245.038319 24.225296
1403637245.088319 24.551773
1403637245.138319 24.984933
1403637245.188319 23.484180
1403637245.238319 25.299664
1403637245.288319 25.688934
1403637245.338319 26.438155
1403637245.388319 26.675061
1403637245.438319 24.898765
1403637245.488319 14.874317
1403637245.538319 24.346399
1403637245.588319 29.502821
1403637245.638319 24.216904
1403637245.688319 25.148469
1403637245.738319 23.929687
1403637245.788319 25.716401
1403637245.838319 24.819018
1403637245.888319 24.554453
1403637245.938319 24.583775
1403637245.988319 25.488737
1403637246.038319 25.277780
1403637246.088319 25.340012
1403637246.138319 25.027385
1403637246.188319 23.949068
1403637246.238319 24.006032
1403637246.288319 27.835831
1403637246.338319 24.785815
1403637246.388319 24.866176
1403637246.438319 23.844980
1403637246.488319 25.164241
1403637246.538319 25.910414
1403637246.588319 25.506183
1403637246.638319 24.628887
1403637246.688319 23.980064
1403637246.738319 25.752812
1403637246.788319 23.871846
1403637246.838319 25.613523
1403637246.888319 24.911892
1403637246.938319 24.080830
1403637246.988319 24.068651
1403637247.038319 24.857764
1403637247.088319 25.566884
1403637247.138319 24.552119
1403637247.188319 24.367843
1403637247.238319 25.174055
1403637247.288319 24.230614
1403637247.338319 25.458305
1403637247.388319 24.247758
1403637247.438319 24.839753
1403637247.488319 24.379481
1403637247.538319 24.703848
1403637247.588319 23.486272
1403637247.638319 24.200723
1403637247.688319 31.342675
1403637247.738319 24.704508
1403637247.788319 25.093441
1403637247.838319 24.520859
1403637247.888319 25.537497
1403637247.938319 25.314401
1403637247.988319 23.829152
1403637248.038319 24.010824
1403637248.088319 24.218855
1403637248.138319 25.959553
1403637248.188319 23.265766
1403637248.238319 24.832548
1403637248.288319 25.123526
1403637248.338319 26.565165
1403637248.388319 23.733220
1403637248.438319 23.843775
1403637248.488319 28.231953
1403637248.538319 36.672509
1403637248.588319 35.692248
1403637248.638319 32.961977
1403637248.688319 25.496220
1403637248.738319 24.422800
1403637248.788319 26.729968
1403637248.838319 24.389495
1403637248.888319 25.569019
1403637248.938319 24.127557
1403637248.988319 23.924800
1403637249.038319 23.445686
1403637249.088319 24.014993
1403637249.138319 24.255024
1403637249.188319 22.606272
1403637249.238319 32.033572
1403637249.288319 29.827774
1403637249.338319 29.385983
1403637249.388319 22.869738
1403637249.438319 24.096229
1403637249.488319 29.038818
1403637249.538319 26.360249
1403637249.588319 25.514740
1403637249.638319 31.970394
1403637249.688319 25.138280
1403637249.738319 24.184646
1403637249.788319 23.600127
1403637249.838319 24.678372
1403637249.888319 24.944847
1403637249.938319 25.307936
1403637249.988319 26.135654
1403637250.038319 23.996598
1403637250.088319 25.899155
1403637250.138319 26.143784
1403637250.188319 24.605988
1403637250.238319 25.025088
1403637250.288319 25.642599
1403637250.338319 31.568328
1403637250.388319 25.538991
1403637250.438319 25.318788
1403637250.488319 25.430419
1403637250.538319 25.362806
1403637250.588319 27.352884
1403637250.638319 23.155004
1403637250.688319 24.078677
1403637250.738319 24.851067
1403637250.788319 25.001213
1403637250.838319 25.067392
1403637250.888319 24.862395
1403637250.938319 31.056125
1403637250.988319 25.010707
1403637251.038319 24.525529
1403637251.088319 24.901335
1403637251.138319 24.608930
1403637251.188319 24.457983
1403637251.238319 25.593975
1403637251.288319 23.234910
1403637251.338319 23.230801
1403637251.388319 24.755289
1403637251.438319 25.097881
1403637251.488319 24.579742
1403637251.538319 25.303371
1403637251.588319 24.029448
1403637251.638319 25.009594
1403637251.688319 25.508164
1403637251.738319 32.047609
1403637251.788319 30.738688
1403637251.838319 23.175325
1403637251.888319 24.339043
1403637251.938319 26.005523
1403637251.988319 24.023771
1403637252.038319 23.296852
1403637252.088319 22.520670
1403637252.138319 24.143083
1403637252.188319 49.697770
1403637252.238319 35.268435
1403637252.288319 24.174339
1403637252.338319 24.810096
1403637252.388319 23.062164
1403637252.438319 23.225749
1403637252.488319 25.316386
1403637252.538319 23.332478
1403637252.588319 21.547414
1403637252.638319 23.141945
1403637252.688319 24.492510
1403637252.738319 23.572160
1403637252.788319 22.028324
1403637252.838319 22.959384
1403637252.888319 16.882103
1403637252.938319 25.212440
1403637252.988319 24.805318
1403637253.038319 18.037809
1403637253.088319 13.841761
1403637253.138319 24.946542
1403637253.188319 13.957657
1403637253.238319 16.241955
1403637253.288319 26.120218
1403637253.338319 19.136382
1403637253.388319 19.039873
1403637253.438319 29.091550
1403637253.488319 18.495704
1403637253.538319 19.233725
1403637253.588319 18.474991
1403637253.638319 18.536700
1403637253.688319 17.820073
1403637253.738319 15.679032
1403637253.788319 15.241877
1403637253.838319 15.139215
1403637253.888319 22.764150
1403637253.938319 14.417131
1403637253.988319 14.076099
1403637254.038319 15.327906
1403637254.088319 22.962855
1403637254.138319 23.977323
1403637254.188319 15.316752
1403637254.238319 15.563628
1403637254.288319 15.025538
1403637254.338319 23.012043
1403637254.388319 15.415497
1403637254.438319 15.536453
1403637254.488319 23.307336
1403637254.538319 22.899723
1403637254.588319 23.809013
1403637254.638319 22.814839
1403637254.688319 24.168118
1403637254.738319 23.334652
1403637254.788319 13.311785
1403637254.838319 22.772326
1403637254.888319 17.597035
1403637254.938319 19.179421
1403637254.988319 18.520839
1403637255.038319 22.612787
1403637255.088319 24.601709
1403637255.138319 22.771442
1403637255.188319 22.344565
1403637255.238319 22.640820
1403637255.288319 22.627326
1403637255.338319 24.026372
1403637255.388319 24.450550
1403637255.438319 22.810699
1403637255.488319 24.770307
1403637255.538319 22.999779
1403637255.588319 24.396332
1403637255.638319 23.728931
1403637255.688319 24.820644
1403637255.738319 22.840593
1403637255.788319 25.387523
1403637255.838319 23.878032
1403637255.888319 23.300206
1403637255.938319 24.018616
1403637255.988319 23.813306
1403637256.038319 22.754722
1403637256.088319 24.649218
1403637256.138319 23.432147
1403637256.188319 24.339024
1403637256.238319 22.630104
1403637256.288319 24.274354
1403637256.338319 23.346288
1403637256.388319 28.852917
1403637256.438319 33.850307
1403637256.488319 32.954850
1403637256.538319 34.640677
1403637256.588319 26.584682
1403637256.638319 31.108338
1403637256.688319 26.798740
1403637256.738319 25.510348
1403637256.788319 23.694144
1403637256.838319 24.505172
1403637256.888319 25.192663
1403637256.938319 25.600542
1403637256.988319 23.031390
1403637257.038319 23.252566
1403637257.088319 24.181180
1403637257.138319 24.170424
1403637257.188319 24.781392
1403637257.238319 24.703882
1403637257.288319 23.620080
1403637257.338319 26.858029
1403637257.388319 26.145428
1403637257.438319 26.900136
1403637257.488319 25.051554
1403637257.538319 24.043541
1403637257.588319 25.929967
1403637257.638319 24.581903
1403637257.688319 24.131976
1403637257.738319 23.736205
1403637257.788319 24.511851
1403637257.838319 24.364710
1403637257.888319 25.635817
1403637257.938319 25.697266
1403637257.988319 25.447127
1403637258.038319 23.704158
1403637258.088319 25.707636
1403637258.138319 32.636976
1403637258.188319 24.305560
1403637258.238319 24.926654
1403637258.288319 25.146940
1403637258.338319 23.740955
1403637258.388319 24.769663
1403637258.438319 25.299501
1403637258.488319 23.898454
1403637258.538319 23.336079
1403637258.588319 25.405898
1403637258.638319 23.821244
1403637258.688319 24.408579
1403637258.738319 24.076235
1403637258.788319 24.727491
1403637258.838319 24.388500
1403637258.888319 26.196187
1403637258.938319 24.076629
1403637258.988319 24.670936
1403637259.038319 22.854878
1403637259.088319 24.506884
1403637259.138319 24.816140
1403637259.188319 23.439330
1403637259.238319 30.334446
1403637259.288319 24.756755
1403637259.338319 31.133207
1403637259.388319 25.541784
1403637259.438319 24.760211
1403637259.488319 24.378131
1403637259.538319 25.209230
1403637259.588319 23.286843
1403637259.638319 23.348223
1403637259.688319 16.277774
1403637259.738319 24.411452
1403637259.788319 24.326230
1403637259.838319 16.009095
1403637259.888319 17.308522
1403637259.938319 24.037070
1403637259.988319 20.477790
1403637260.038319 24.883163
1403637260.088319 24.009215
1403637260.138319 24.965936
1403637260.188319 25.385656
1403637260.238319 40.192990
1403637260.288319 31.865854
1403637260.338319 32.819574
1403637260.388319 23.587593
1403637260.438319 24.545005
1403637260.488319 24.164241
1403637260.538319 31.811837
1403637260.588319 26.682976
1403637260.638319 30.751279
1403637260.688319 24.889921
1403637260.738319 24.820696
1403637260.788319 25.119691
1403637260.838319 25.691934
1403637260.888319 26.979200
1403637260.938319 25.234329
1403637260.988319 24.989261
1403637261.038319 25.650480
1403637261.088319 27.502332
1403637261.138319 28.130833
1403637261.188319 25.766027
1403637261.238319 26.834543
1403637261.288319 28.822515
1403637261.338319 27.161161
1403637261.388319 27.450034
1403637261.438319 25.627712
1403637261.488319 20.132108
1403637261.538319 26.740987
1403637261.588319 26.215424
1403637261.638319 26.429211
1403637261.688319 29.338876
1403637261.738319 34.435767
1403637261.788319 29.733644
1403637261.838319 26.683667
1403637261.888319 27.063697
1403637261.938319 29.000851
1403637261.988319 25.134945
1403637262.038319 25.639543
1403637262.088319 31.372772
1403637262.138319 33.877915
1403637262.188319 25.767468
1403637262.238319 27.299191
1403637262.288319 26.948174
1403637262.338319 35.922857
1403637262.388319 28.408579
1403637262.438319 34.812131
1403637262.488319 26.623662
1403637262.538319 28.041945
1403637262.588319 32.293533
1403637262.638319 19.615170
1403637262.688319 25.602933
1403637262.738319 26.581894
1403637262.788319 25.462833
1403637262.838319 25.400879
1403637262.888319 20.285621
1403637262.938319 19.226230
1403637262.988319 19.126961
1403637263.038319 20.209587
1403637263.088319 18.381974
1403637263.138319 22.847100
1403637263.188319 17.978451
1403637263.238319 17.979548
1403637263.288319 17.548837
1403637263.338319 18.075211
1403637263.388319 16.605178
1403637263.438319 21.308999
1403637263.488319 16.771192
1403637263.538319 17.600968
1403637263.588319 16.533630
1403637263.638319 18.914522
1403637263.688319 15.731099
1403637263.738319 16.986595
1403637263.788319 16.479359
1403637263.838319 16.983747
1403637263.888319 16.252829
1403637263.938319 17.319699
1403637263.988319 16.237695
1403637264.038319 17.358485
1403637264.088319 19.854567
1403637264.138319 25.146310
1403637264.188319 23.624444
1403637264.238319 27.804978
1403637264.288319 16.641388
1403637264.338319 20.664599
1403637264.388319 16.734967
1403637264.438319 17.826733
1403637264.488319 17.082584
1403637264.538319 17.189337
1403637264.588319 16.750227
1403637264.638319 16.472480
1403637264.688319 16.216380
1403637264.738319 17.655614
1403637264.788319 16.269464
1403637264.838319 19.097160
1403637264.888319 15.342195
1403637264.938319 17.856310
1403637264.988319 16.793775
1403637265.038319 17.282415
1403637265.088319 16.269475
1403637265.138319 17.441336
1403637265.188319 16.019413
1403637265.238319 17.271938
1403637265.288319 16.766967
1403637265.338319 17.088984
1403637265.388319 16.220402
1403637265.438319 17.137420
1403637265.488319 14.896943
