1403715523.912143 87.019687
1403715523.962143 32.097978
1403715524.012143 23.497438
1403715524.062143 19.067321
1403715524.112143 21.468044
1403715524.162143 18.258079
1403715524.212143 19.845341
1403715524.262143 19.723445
1403715524.312143 19.764763
1403715524.362143 19.369048
1403715524.412143 17.991886
1403715524.462143 20.220427
1403715524.512143 19.288209
1403715524.562143 19.109004
1403715524.612143 19.554621
1403715524.662143 17.985770
1403715524.712143 20.139095
1403715524.762143 19.541277
1403715524.812143 27.802023
1403715524.862143 28.456120
1403715524.912143 18.808787
1403715524.962143 20.230462
1403715525.012143 28.605663
1403715525.062143 20.258464
1403715525.112143 27.693947
1403715525.162143 28.565201
1403715525.212143 27.674589
1403715525.262143 20.115216
1403715525.312143 30.408096
1403715525.362143 19.010472
1403715525.412143 28.543080
1403715525.462143 20.014852
1403715525.512143 20.065044
1403715525.562143 19.005804
1403715525.612143 20.907155
1403715525.662143 19.690180
1403715525.712143 20.953393
1403715525.762143 19.385916
1403715525.812143 19.991149
1403715525.862143 19.588260
1403715525.912143 21.164342
1403715525.962143 20.066005
1403715526.012143 20.570563
1403715526.062143 20.383870
1403715526.112143 20.421566
1403715526.162143 20.823643
1403715526.212143 20.828882
1403715526.262143 19.469022
1403715526.312143 20.653811
1403715526.362143 19.521390
1403715526.412143 25.105933
1403715526.462143 22.311189
1403715526.512143 24.367165
1403715526.562143 23.708502
1403715526.612143 21.609363
1403715526.662143 20.726956
1403715526.712143 21.207121
1403715526.762143 19.447386
1403715526.812143 21.044450
1403715526.862143 20.642693
1403715526.912143 19.434232
1403715526.962143 19.328024
1403715527.012143 20.211490
1403715527.062143 19.321718
1403715527.112143 21.489335
1403715527.162143 19.921519
1403715527.212143 20.350636
1403715527.262143 19.295189
1403715527.312143 20.655946
1403715527.362143 19.413089
1403715527.412143 20.444963
1403715527.462143 19.594199
1403715527.512143 20.574792
1403715527.562143 20.234034
1403715527.612143 21.232202
1403715527.662143 19.669390
1403715527.712143 21.074195
1403715527.762143 19.370383
1403715527.812143 19.917422
1403715527.862143 19.932446
1403715527.912143 20.194236
1403715527.962143 20.236749
1403715528.012143 20.272323
1403715528.062143 18.927571
1403715528.112143 20.543959
1403715528.162143 19.242875
1403715528.212143 21.805091
1403715528.262143 20.083609
1403715528.312143 22.137767
1403715528.362143 19.891883
1403715528.412143 19.554354
1403715528.462143 28.034114
1403715528.512143 27.874260
1403715528.562143 29.427870
1403715528.612143 29.189682
1403715528.662143 27.959324
1403715528.712143 31.848662
1403715528.762143 27.671975
1403715528.812143 29.047605
1403715528.862143 27.396527
1403715528.912143 27.789522
1403715528.962143 26.739448
1403715529.012143 27.479849
1403715529.062143 28.134996
1403715529.112143 27.162655
1403715529.162143 29.113521
1403715529.212143 29.036824
1403715529.262143 27.621030
1403715529.312143 27.698626
1403715529.362143 25.886574
1403715529.412143 26.208920
1403715529.462143 25.574615
1403715529.512143 26.866482
1403715529.562143 24.779758
1403715529.612143 24.564615
1403715529.662143 23.869634
1403715529.712143 23.079694
1403715529.762143 26.294056
1403715529.812143 23.499643
1403715529.862143 24.127724
1403715529.912143 24.225305
1403715529.962143 23.638499
1403715530.012143 25.672967
1403715530.062143 22.720669
1403715530.112143 25.370475
1403715530.162143 27.020817
1403715530.212143 24.240786
1403715530.262143 23.815784
1403715530.312143 25.100701
1403715530.362143 24.108038
1403715530.412143 23.801508
1403715530.462143 23.832591
1403715530.512143 24.145062
1403715530.562143 22.305723
1403715530.612143 23.380040
1403715530.662143 22.572969
1403715530.712143 24.722793
1403715530.762143 27.187133
1403715530.812143 29.619417
1403715530.862143 23.655896
1403715530.912143 25.176074
1403715530.962143 27.821708
1403715531.012143 23.252638
1403715531.062143 23.815749
1403715531.112143 22.360587
1403715531.162143 24.416334
1403715531.212143 23.296525
1403715531.262143 23.436813
1403715531.312143 23.400256
1403715531.362143 27.178510
1403715531.412143 24.417711
1403715531.462143 25.300025
1403715531.512143 26.209502
1403715531.562143 24.777184
1403715531.612143 23.847433
1403715531.662143 25.734622
1403715531.712143 23.381179
1403715531.762143 27.351857
1403715531.812143 47.748266
1403715531.862143 27.888493
1403715531.912143 25.302922
1403715531.962143 25.500705
1403715532.012143 23.805167
1403715532.062143 23.601217
1403715532.112143 22.557421
1403715532.162143 25.678087
1403715532.212143 25.040949
1403715532.262143 22.929043
1403715532.312143 22.670288
1403715532.362143 23.525556
1403715532.412143 24.555960
1403715532.462143 22.487633
1403715532.512143 23.579735
1403715532.562143 24.669682
1403715532.612143 24.697478
1403715532.662143 23.418195
1403715532.712143 24.398898
1403715532.762143 25.150674
1403715532.812143 24.284489
1403715532.862143 23.418014
1403715532.912143 24.754296
1403715532.962143 23.535533
1403715533.012143 27.049897
1403715533.062143 27.201403
1403715533.112143 32.187469
1403715533.162143 26.918694
1403715533.212143 26.504554
1403715533.262143 25.559379
1403715533.312143 23.128921
1403715533.362143 25.363206
1403715533.412143 23.839716
1403715533.462143 25.141849
1403715533.512143 24.846781
1403715533.562143 25.126678
1403715533.612143 25.246968
1403715533.662143 26.713469
1403715533.712143 24.279477
1403715533.762143 22.577283
1403715533.812143 24.010770
1403715533.862143 24.324370
1403715533.912143 24.354562
1403715533.962143 27.741112
1403715534.012143 24.713492
1403715534.062143 29.535594
1403715534.112143 24.177135
1403715534.162143 24.183763
1403715534.212143 25.216397
1403715534.262143 21.992293
1403715534.312143 23.102385
1403715534.362143 23.873300
1403715534.412143 24.155017
1403715534.462143 23.025851
1403715534.512143 23.548875
1403715534.562143 23.870106
1403715534.612143 23.268165
1403715534.662143 24.390323
1403715534.712143 23.484487
1403715534.762143 28.466908
1403715534.812143 26.325543
1403715534.862143 23.925271
1403715534.912143 31.336622
1403715534.962143 24.205827
1403715535.012143 22.959735
1403715535.062143 23.794726
1403715535.112143 23.181836
1403715535.162143 24.286594
1403715535.212143 25.386591
1403715535.262143 24.848311
1403715535.312143 23.766672
1403715535.362143 23.566630
1403715535.412143 23.957157
1403715535.462143 23.526060
1403715535.512143 23.104622
1403715535.562143 24.647855
1403715535.612143 25.593550
1403715535.662143 23.437197
1403715535.712143 27.765408
1403715535.762143 25.075431
1403715535.812143 24.679936
1403715535.862143 25.851955
1403715535.912143 24.803140
1403715535.962143 25.477826
1403715536.012143 23.021841
1403715536.062143 23.188069
1403715536.112143 23.726252
1403715536.162143 24.734721
1403715536.212143 23.735634
1403715536.262143 24.869206
1403715536.312143 30.715297
1403715536.362143 28.698374
1403715536.412143 24.102364
1403715536.462143 25.990328
1403715536.512143 31.301229
1403715536.562143 24.061922
1403715536.612143 22.990795
1403715536.662143 23.698933
1403715536.712143 22.749407
1403715536.762143 24.629937
1403715536.812143 23.415747
1403715536.862143 22.824959
1403715536.912143 24.320351
1403715536.962143 23.562626
1403715537.012143 23.091322
1403715537.062143 24.163414
1403715537.112143 23.577260
1403715537.162143 26.882764
1403715537.212143 30.879935
1403715537.262143 25.151465
1403715537.312143 23.501234
1403715537.362143 37.330779
1403715537.412143 31.476535
1403715537.462143 29.114443
1403715537.512143 31.874937
1403715537.562143 25.158444
1403715537.612143 23.207295
1403715537.662143 23.946810
1403715537.712143 22.911834
1403715537.762143 23.271984
1403715537.812143 22.760342
1403715537.862143 26.200719
1403715537.912143 22.945640
1403715537.962143 28.056860
1403715538.012143 22.702686
1403715538.062143 23.846872
1403715538.112143 25.046764
1403715538.162143 23.813761
1403715538.212143 30.841165
1403715538.262143 24.038735
1403715538.312143 31.214693
1403715538.362143 24.181758
1403715538.412143 25.066911
1403715538.462143 24.058598
1403715538.512143 30.969546
1403715538.562143 23.965371
1403715538.612143 24.321394
1403715538.662143 24.477885
1403715538.712143 24.871874
1403715538.762143 22.629396
1403715538.812143 21.910672
1403715538.862143 23.442063
1403715538.912143 22.687312
1403715538.962143 25.010723
1403715539.012143 25.011114
1403715539.062143 22.632472
1403715539.112143 23.886135
1403715539.162143 24.575570
1403715539.212143 22.153407
1403715539.262143 23.524447
1403715539.312143 22.294648
1403715539.362143 25.264402
1403715539.412143 24.189698
1403715539.462143 27.175785
1403715539.512143 22.666491
1403715539.562143 24.359803
1403715539.612143 24.621878
1403715539.662143 25.992386
1403715539.712143 24.733249
1403715539.762143 22.953757
1403715539.812143 23.428248
1403715539.862143 23.777206
1403715539.912143 26.289914
1403715539.962143 26.024019
1403715540.012143 23.796199
1403715540.062143 22.510121
1403715540.112143 23.764475
1403715540.162143 23.834183
1403715540.212143 23.800173
1403715540.262143 23.170569
1403715540.312143 24.256493
1403715540.362143 23.797398
1403715540.412143 29.915770
1403715540.462143 27.224406
1403715540.512143 29.062645
1403715540.562143 26.395786
1403715540.612143 23.743974
1403715540.662143 24.358235
1403715540.712143 25.288930
1403715540.762143 24.590060
1403715540.812143 24.228209
1403715540.862143 26.311282
1403715540.912143 23.768213
1403715540.962143 25.484243
1403715541.012143 24.338299
1403715541.062143 23.884571
1403715541.112143 25.508019
1403715541.162143 25.136238
1403715541.212143 23.917951
1403715541.262143 27.370207
1403715541.312143 28.594323
1403715541.362143 30.399276
1403715541.412143 38.021625
1403715541.462143 32.276701
1403715541.512143 25.785417
1403715541.562143 28.132679
1403715541.612143 25.711504
1403715541.662143 25.322396
1403715541.712143 24.659543
1403715541.762143 25.312281
1403715541.812143 24.037019
1403715541.862143 29.789002
1403715541.912143 28.201783
1403715541.962143 25.751847
1403715542.012143 25.798664
1403715542.062143 25.541970
1403715542.112143 26.634390
1403715542.162143 30.654918
1403715542.212143 26.123576
1403715542.262143 26.965513
1403715542.312143 26.673924
1403715542.362143 27.970257
1403715542.412143 25.964176
1403715542.462143 24.502014
1403715542.512143 24.150079
1403715542.562143 25.480429
1403715542.612143 31.243102
1403715542.662143 25.280909
1403715542.712143 23.611730
1403715542.762143 24.840903
1403715542.812143 22.182721
1403715542.862143 29.307475
1403715542.912143 24.156454
1403715542.962143 22.970051
1403715543.012143 23.715349
1403715543.062143 24.626432
1403715543.112143 23.923212
1403715543.162143 22.493847
1403715543.212143 24.523785
1403715543.262143 24.623400
1403715543.312143 23.239416
1403715543.362143 22.270558
1403715543.412143 23.712443
1403715543.462143 28.983564
1403715543.512143 23.328620
1403715543.562143 22.834438
1403715543.612143 24.994200
1403715543.662143 24.197585
1403715543.712143 24.404819
1403715543.762143 23.018684
1403715543.812143 23.412403
1403715543.862143 23.550661
1403715543.912143 25.438703
1403715543.962143 24.733549
1403715544.012143 25.567333
1403715544.062143 23.976561
1403715544.112143 27.783053
1403715544.162143 25.650557
1403715544.212143 23.729699
1403715544.262143 22.887425
1403715544.312143 24.034224
1403715544.362143 23.046225
1403715544.412143 31.023087
1403715544.462143 28.150613
1403715544.512143 26.583885
1403715544.562143 25.765451
1403715544.612143 28.005489
1403715544.662143 22.219930
1403715544.712143 24.481705
1403715544.762143 23.448268
1403715544.812143 25.495065
1403715544.862143 24.876648
1403715544.912143 24.145163
1403715544.962143 24.397406
1403715545.012143 25.072222
1403715545.062143 24.453322
1403715545.112143 23.384948
1403715545.162143 27.204097
1403715545.212143 25.057696
1403715545.262143 23.065959
1403715545.312143 25.166760
1403715545.362143 26.120969
1403715545.412143 27.121421
1403715545.462143 24.036983
1403715545.512143 23.968115
1403715545.562143 26.489520
1403715545.612143 24.095074
1403715545.662143 23.620764
1403715545.712143 24.411041
1403715545.762143 25.386646
1403715545.812143 24.904038
1403715545.862143 25.698802
1403715545.912143 23.799782
1403715545.962143 24.353890
1403715546.012143 24.474587
1403715546.062143 23.622054
1403715546.112143 23.303001
1403715546.162143 24.969465
1403715546.212143 23.225338
1403715546.262143 24.595795
1403715546.312143 24.011368
1403715546.362143 25.129919
1403715546.412143 23.790222
1403715546.462143 22.959706
1403715546.512143 23.650560
1403715546.562143 22.995800
1403715546.612143 23.294715
1403715546.662143 23.964345
1403715546.712143 26.045810
1403715546.762143 25.135539
1403715546.812143 23.679239
1403715546.862143 24.866082
1403715546.912143 25.298804
1403715546.962143 25.775539
1403715547.012143 25.059649
1403715547.062143 22.859867
1403715547.112143 22.998116
1403715547.162143 23.560174
1403715547.212143 26.208442
1403715547.262143 23.734612
1403715547.312143 29.763491
1403715547.362143 27.202359
1403715547.412143 25.456554
1403715547.462143 24.384921
1403715547.512143 28.215004
1403715547.562143 29.255645
1403715547.612143 23.239499
1403715547.662143 25.050352
1403715547.712143 26.219702
1403715547.762143 26.637908
1403715547.812143 24.568693
1403715547.862143 25.308181
1403715547.912143 33.147737
1403715547.962143 27.422705
1403715548.012143 25.514929
1403715548.062143 25.477096
1403715548.112143 24.116128
1403715548.162143 25.350112
1403715548.212143 24.494588
1403715548.262143 24.282279
1403715548.312143 26.520587
1403715548.362143 24.761588
1403715548.412143 24.445002
1403715548.462143 29.067964
1403715548.512143 24.640881
1403715548.562143 23.927843
1403715548.612143 28.497875
1403715548.662143 24.413733
1403715548.712143 24.435714
1403715548.762143 24.719565
1403715548.812143 24.242361
1403715548.862143 25.021389
1403715548.912143 32.672010
1403715548.962143 29.868214
1403715549.012143 23.996813
1403715549.062143 25.324392
1403715549.112143 25.391066
1403715549.162143 25.563999
1403715549.212143 26.480627
1403715549.262143 25.433626
1403715549.312143 23.727458
1403715549.362143 24.523094
1403715549.412143 26.954152
1403715549.462143 24.436446
1403715549.512143 26.401046
1403715549.562143 26.241436
1403715549.612143 30.933042
1403715549.662143 29.741319
1403715549.712143 34.352570
1403715549.762143 28.534046
1403715549.812143 25.355521
1403715549.862143 27.156336
1403715549.912143 24.617520
1403715549.962143 24.692016
1403715550.012143 29.002869
1403715550.062143 26.623240
1403715550.112143 27.341851
1403715550.162143 24.222513
1403715550.212143 24.776540
1403715550.262143 27.259794
1403715550.312143 25.609288
1403715550.362143 25.217970
1403715550.412143 25.327442
1403715550.462143 25.869308
1403715550.512143 22.680698
1403715550.562143 29.601590
1403715550.612143 26.266012
1403715550.662143 25.105558
1403715550.712143 26.300350
1403715550.762143 27.214752
1403715550.812143 24.447836
1403715550.862143 25.411255
1403715550.912143 23.298973
1403715550.962143 23.246097
1403715551.012143 24.592255
1403715551.062143 21.730459
1403715551.112143 22.580244
1403715551.162143 32.236576
1403715551.212143 22.435566
1403715551.262143 23.080883
1403715551.312143 23.415068
1403715551.362143 25.155472
1403715551.412143 25.793156
1403715551.462143 24.134712
1403715551.512143 24.227892
1403715551.562143 25.024473
1403715551.612143 34.838681
1403715551.662143 26.311287
1403715551.712143 24.698733
1403715551.762143 27.178690
1403715551.812143 23.653114
1403715551.862143 23.071887
1403715551.912143 26.148954
1403715551.962143 23.181959
1403715552.012143 22.627943
1403715552.062143 24.287527
1403715552.112143 24.783303
1403715552.162143 24.755200
1403715552.212143 23.686424
1403715552.262143 24.146223
1403715552.312143 24.278264
1403715552.362143 23.796433
1403715552.412143 28.166559
1403715552.462143 26.392308
1403715552.512143 24.504735
1403715552.562143 25.950314
1403715552.612143 25.563751
1403715552.662143 27.102476
1403715552.712143 23.731469
1403715552.762143 25.063337
1403715552.812143 24.635386
1403715552.862143 26.289965
1403715552.912143 24.033837
1403715552.962143 23.616524
1403715553.012143 23.124979
1403715553.062143 23.870573
1403715553.112143 24.592408
1403715553.162143 24.105934
1403715553.212143 23.668980
1403715553.262143 23.489177
1403715553.312143 23.205278
1403715553.362143 25.402737
1403715553.412143 24.945960
1403715553.462143 22.928662
1403715553.512143 25.572374
1403715553.562143 28.389055
1403715553.612143 23.149318
1403715553.662143 22.971289
1403715553.712143 24.789639
1403715553.762143 25.467851
1403715553.812143 25.272523
1403715553.862143 23.588716
1403715553.912143 23.037127
1403715553.962143 25.298157
1403715554.012143 24.077719
1403715554.062143 24.333617
1403715554.112143 24.841335
1403715554.162143 26.164453
1403715554.212143 25.230440
1403715554.262143 25.117919
1403715554.312143 25.112531
1403715554.362143 28.278969
1403715554.412143 24.807622
1403715554.462143 24.634779
1403715554.512143 25.158575
1403715554.562143 29.579711
1403715554.612143 25.897269
1403715554.662143 26.066050
1403715554.712143 25.206491
1403715554.762143 25.287182
1403715554.812143 25.061648
1403715554.862143 27.134957
1403715554.912143 26.148296
1403715554.962143 25.422908
1403715555.012143 26.854605
1403715555.062143 25.458554
1403715555.112143 28.472197
1403715555.162143 27.420827
1403715555.212143 26.097882
1403715555.262143 26.253258
1403715555.312143 25.011874
1403715555.362143 29.166344
1403715555.412143 33.500057
1403715555.462143 26.807284
1403715555.512143 26.249891
1403715555.562143 28.178111
1403715555.612143 23.490967
1403715555.662143 30.917896
1403715555.712143 25.629019
1403715555.762143 25.229261
1403715555.812143 27.086832
1403715555.862143 23.460402
1403715555.912143 24.353499
1403715555.962143 24.989151
1403715556.012143 22.591998
1403715556.062143 23.555540
1403715556.112143 23.138397
1403715556.162143 23.887302
1403715556.212143 23.078218
1403715556.262143 23.600400
1403715556.312143 25.211695
1403715556.362143 24.278396
1403715556.412143 25.726345
1403715556.462143 24.333492
1403715556.512143 24.442997
1403715556.562143 23.842714
1403715556.612143 23.045134
1403715556.662143 23.395489
1403715556.712143 23.413144
1403715556.762143 22.589209
1403715556.812143 29.766881
1403715556.862143 23.133788
1403715556.912143 23.477059
1403715556.962143 25.268031
1403715557.012143 23.169667
1403715557.062143 24.475450
1403715557.112143 23.844062
1403715557.162143 24.677127
1403715557.212143 23.731061
1403715557.262143 23.340562
1403715557.312143 25.666677
1403715557.362143 24.330838
1403715557.412143 24.250364
1403715557.462143 23.384931
1403715557.512143 31.523026
1403715557.562143 23.692208
1403715557.612143 24.123048
1403715557.662143 24.993529
1403715557.712143 25.300810
1403715557.762143 25.218811
1403715557.812143 24.758982
1403715557.862143 23.051738
1403715557.912143 26.792191
1403715557.962143 23.374067
1403715558.012143 25.744572
1403715558.062143 24.788212
1403715558.112143 24.918172
1403715558.162143 23.118442
1403715558.212143 25.959832
1403715558.262143 22.939163
1403715558.312143 24.267930
1403715558.362143 27.606562
1403715558.412143 24.987623
1403715558.462143 25.612516
1403715558.512143 24.416602
1403715558.562143 24.901518
1403715558.612143 24.740425
1403715558.662143 25.038743
1403715558.712143 25.962724
1403715558.762143 26.187367
1403715558.812143 24.025510
1403715558.862143 24.266502
1403715558.912143 25.546795
1403715558.962143 24.143717
1403715559.012143 23.631641
1403715559.062143 23.331097
1403715559.112143 28.354060
1403715559.162143 24.411788
1403715559.212143 23.082162
1403715559.262143 24.133387
1403715559.312143 22.789117
1403715559.362143 25.025850
1403715559.412143 24.622082
1403715559.462143 24.837021
1403715559.512143 22.643201
1403715559.562143 23.687570
1403715559.612143 27.330149
1403715559.662143 24.372604
1403715559.712143 23.325689
1403715559.762143 23.733320
1403715559.812143 30.997236
1403715559.862143 27.528503
1403715559.912143 23.146327
1403715559.962143 25.475819
1403715560.012143 25.685661
1403715560.062143 24.195010
1403715560.112143 24.636782
1403715560.162143 23.443962
1403715560.212143 23.244706
1403715560.262143 24.533289
1403715560.312143 26.745570
1403715560.362143 25.769569
1403715560.412143 23.972153
1403715560.462143 25.274725
1403715560.512143 22.783730
1403715560.562143 24.706048
1403715560.612143 23.218556
1403715560.662143 22.227203
1403715560.712143 24.225908
1403715560.762143 23.848716
1403715560.812143 23.127528
1403715560.862143 23.779382
1403715560.912143 24.007630
1403715560.962143 23.624932
1403715561.012143 30.673034
1403715561.062143 29.583915
1403715561.112143 24.299011
1403715561.162143 24.875286
1403715561.212143 23.276675
1403715561.262143 24.483952
1403715561.312143 23.553760
1403715561.362143 25.093624
1403715561.412143 28.543990
1403715561.462143 25.034460
1403715561.512143 23.171196
1403715561.562143 26.706511
1403715561.612143 23.863267
1403715561.662143 25.830974
1403715561.712143 26.340250
1403715561.762143 28.936550
1403715561.812143 23.715618
1403715561.862143 24.558467
1403715561.912143 24.947489
1403715561.962143 25.416982
1403715562.012143 23.754505
1403715562.062143 24.291399
1403715562.112143 24.427168
1403715562.162143 24.793257
1403715562.212143 25.012805
1403715562.262143 25.250715
1403715562.312143 27.598455
1403715562.362143 25.343273
1403715562.412143 25.188094
1403715562.462143 25.088644
1403715562.512143 27.386274
1403715562.562143 27.819175
1403715562.612143 25.565079
1403715562.662143 25.760758
1403715562.712143 24.586888
1403715562.762143 24.738927
1403715562.812143 24.544979
1403715562.862143 26.299258
1403715562.912143 30.572071
1403715562.962143 32.213116
1403715563.012143 31.400001
1403715563.062143 28.633708
1403715563.112143 24.358118
1403715563.162143 31.352465
1403715563.212143 27.441139
1403715563.262143 29.070420
1403715563.312143 28.779171
1403715563.362143 24.895851
1403715563.412143 22.957663
1403715563.462143 32.269908
1403715563.512143 25.643943
1403715563.562143 26.729878
1403715563.612143 26.376234
1403715563.662143 27.495056
1403715563.712143 30.720162
1403715563.762143 29.200564
1403715563.812143 22.922446
1403715563.862143 22.735939
1403715563.912143 23.840809
1403715563.962143 25.351393
1403715564.012143 23.820599
1403715564.062143 22.739146
1403715564.112143 24.206197
1403715564.162143 23.924147
1403715564.212143 23.990480
1403715564.262143 24.939688
1403715564.312143 24.384359
1403715564.362143 26.831202
1403715564.412143 24.619741
1403715564.462143 25.535432
1403715564.512143 26.387746
1403715564.562143 24.628011
1403715564.612143 26.461340
1403715564.662143 26.899607
1403715564.712143 26.699864
1403715564.762143 25.268501
1403715564.812143 24.041619
1403715564.862143 23.853706
1403715564.912143 24.113940
1403715564.962143 28.973317
1403715565.012143 24.918690
1403715565.062143 23.567665
1403715565.112143 24.929943
1403715565.162143 26.763328
1403715565.212143 25.074491
1403715565.262143 23.224969
1403715565.312143 24.121254
1403715565.362143 23.662254
1403715565.412143 23.371776
1403715565.462143 25.701629
1403715565.512143 30.912757
1403715565.562143 24.577832
1403715565.612143 23.670601
1403715565.662143 23.281404
1403715565.712143 23.293842
1403715565.762143 29.270142
1403715565.812143 23.232590
1403715565.862143 24.104082
1403715565.912143 24.258642
1403715565.962143 25.442502
1403715566.012143 23.528887
1403715566.062143 24.160608
1403715566.112143 25.184128
1403715566.162143 27.697101
1403715566.212143 25.320607
1403715566.262143 23.515658
1403715566.312143 26.406673
1403715566.362143 27.518670
1403715566.412143 24.322573
1403715566.462143 25.299378
1403715566.512143 24.005003
1403715566.562143 23.125706
1403715566.612143 24.071478
1403715566.662143 27.936263
1403715566.712143 29.754842
1403715566.762143 26.139701
1403715566.812143 22.778948
1403715566.862143 24.484250
1403715566.912143 22.770098
1403715566.962143 25.100428
1403715567.012143 25.114807
1403715567.062143 23.597983
1403715567.112143 23.560045
1403715567.162143 23.898864
1403715567.212143 24.706100
1403715567.262143 22.987057
1403715567.312143 25.269680
1403715567.362143 25.190442
1403715567.412143 24.014635
1403715567.462143 25.447520
1403715567.512143 22.784242
1403715567.562143 23.886477
1403715567.612143 23.071362
1403715567.662143 22.484668
1403715567.712143 27.922178
1403715567.762143 25.805959
1403715567.812143 26.748863
1403715567.862143 25.428397
1403715567.912143 24.926945
1403715567.962143 24.351943
1403715568.012143 25.336793
1403715568.062143 24.650406
1403715568.112143 24.046261
1403715568.162143 25.602141
1403715568.212143 32.616721
1403715568.262143 26.300943
1403715568.312143 25.507999
1403715568.362143 25.926797
1403715568.412143 30.505513
1403715568.462143 27.367197
1403715568.512143 22.546692
1403715568.562143 25.310325
1403715568.612143 25.386256
1403715568.662143 25.644028
1403715568.712143 23.425061
1403715568.762143 24.627346
1403715568.812143 24.556345
1403715568.862143 23.195753
1403715568.912143 31.300076
1403715568.962143 24.726597
1403715569.012143 24.101547
1403715569.062143 23.346773
1403715569.112143 24.746937
1403715569.162143 23.852225
1403715569.212143 24.457796
1403715569.262143 27.013843
1403715569.312143 26.177389
1403715569.362143 24.817426
1403715569.412143 31.652346
1403715569.462143 27.133399
1403715569.512143 25.681222
1403715569.562143 31.547983
1403715569.612143 27.546230
1403715569.662143 25.117435
1403715569.712143 23.756153
1403715569.762143 24.786767
1403715569.812143 22.904821
1403715569.862143 24.020614
1403715569.912143 26.282613
1403715569.962143 24.099456
1403715570.012143 23.581787
1403715570.062143 24.357589
1403715570.112143 27.079356
1403715570.162143 27.167043
1403715570.212143 28.522610
1403715570.262143 26.130756
1403715570.312143 22.947351
1403715570.362143 26.181833
1403715570.412143 26.243516
1403715570.462143 24.704769
1403715570.512143 32.270651
1403715570.562143 25.521640
1403715570.612143 31.210205
1403715570.662143 30.048594
1403715570.712143 25.081065
1403715570.762143 28.636838
1403715570.812143 28.400798
1403715570.862143 26.370885
1403715570.912143 24.888413
1403715570.962143 25.126148
1403715571.012143 25.374018
1403715571.062143 24.358306
1403715571.112143 27.095609
1403715571.162143 25.772724
1403715571.212143 24.200060
1403715571.262143 24.943288
1403715571.312143 24.079344
1403715571.362143 23.335487
1403715571.412143 25.350152
1403715571.462143 24.957115
1403715571.512143 27.475757
1403715571.562143 27.794825
1403715571.612143 26.463981
1403715571.662143 24.397631
1403715571.712143 35.182804
1403715571.762143 24.974195
1403715571.812143 24.581868
1403715571.862143 23.404677
1403715571.912143 24.825036
1403715571.962143 23.275650
1403715572.012143 24.480273
1403715572.062143 23.372830
1403715572.112143 22.426527
1403715572.162143 23.671947
1403715572.212143 23.946872
1403715572.262143 24.242322
1403715572.312143 25.014207
1403715572.362143 24.837779
1403715572.412143 25.826005
1403715572.462143 25.005765
1403715572.512143 25.236861
1403715572.562143 22.727479
1403715572.612143 23.531513
1403715572.662143 23.418780
1403715572.712143 24.089240
1403715572.762143 24.605141
1403715572.812143 24.106088
1403715572.862143 25.217423
1403715572.912143 30.373767
1403715572.962143 25.442533
1403715573.012143 24.865041
1403715573.062143 26.899666
1403715573.112143 24.178453
1403715573.162143 24.636217
1403715573.212143 26.050688
1403715573.262143 24.911575
1403715573.312143 24.244538
1403715573.362143 26.010126
1403715573.412143 23.586462
1403715573.462143 23.758522
1403715573.512143 24.824424
1403715573.562143 24.721676
1403715573.612143 30.395980
1403715573.662143 24.306697
1403715573.712143 25.054034
1403715573.762143 24.916011
1403715573.812143 25.911896
1403715573.862143 24.965208
1403715573.912143 23.245029
1403715573.962143 25.758463
1403715574.012143 23.445216
1403715574.062143 23.334914
1403715574.112143 24.052858
1403715574.162143 23.290324
1403715574.212143 21.713328
1403715574.262143 23.761765
1403715574.312143 24.022322
1403715574.362143 23.880578
1403715574.412143 64.037334
1403715574.462143 25.110720
1403715574.512143 24.256581
1403715574.562143 25.593738
1403715574.612143 24.064339
1403715574.662143 24.635743
1403715574.712143 25.853916
1403715574.762143 24.848725
1403715574.812143 23.384893
1403715574.862143 23.529422
1403715574.912143 24.241813
1403715574.962143 23.875910
1403715575.012143 23.788701
1403715575.062143 25.488054
1403715575.112143 22.167470
1403715575.162143 24.754082
1403715575.212143 23.603648
1403715575.262143 23.174920
1403715575.312143 24.705361
1403715575.362143 25.169818
1403715575.412143 23.807680
1403715575.462143 23.338975
1403715575.512143 23.669514
1403715575.562143 25.678001
1403715575.612143 24.261072
1403715575.662143 24.761106
1403715575.712143 25.639442
1403715575.762143 26.522931
1403715575.812143 24.440426
1403715575.862143 24.683342
1403715575.912143 23.950739
1403715575.962143 26.180627
1403715576.012143 25.582211
1403715576.062143 25.584129
1403715576.112143 26.060767
1403715576.162143 25.650820
1403715576.212143 27.638938
1403715576.262143 23.893009
1403715576.312143 26.285708
1403715576.362143 26.285338
1403715576.412143 32.028412
1403715576.462143 28.285110
1403715576.512143 27.029963
1403715576.562143 26.481650
1403715576.612143 29.926711
1403715576.662143 24.836108
1403715576.712143 24.529995
1403715576.762143 24.798873
1403715576.812143 24.210674
1403715576.862143 26.578068
1403715576.912143 28.670336
1403715576.962143 27.365310
1403715577.012143 24.462312
1403715577.062143 24.364207
1403715577.112143 26.004512
1403715577.162143 25.612193
1403715577.212143 24.226296
1403715577.262143 23.967864
1403715577.312143 23.449232
1403715577.362143 23.286180
1403715577.412143 24.651376
1403715577.462143 24.884093
1403715577.512143 31.588047
1403715577.562143 25.958828
1403715577.612143 24.332232
1403715577.662143 23.215354
1403715577.712143 25.161866
1403715577.762143 25.211723
1403715577.812143 23.841416
1403715577.862143 23.172496
1403715577.912143 31.488110
1403715577.962143 23.997920
1403715578.012143 24.804801
1403715578.062143 23.085147
1403715578.112143 22.402173
1403715578.162143 24.232544
1403715578.212143 24.564349
1403715578.262143 25.003560
1403715578.312143 23.856794
1403715578.362143 26.202325
1403715578.412143 23.363339
1403715578.462143 24.572757
1403715578.512143 26.437755
1403715578.562143 25.574126
1403715578.612143 25.576130
1403715578.662143 24.495239
1403715578.712143 28.346091
1403715578.762143 30.066508
1403715578.812143 24.540340
1403715578.862143 24.758165
1403715578.912143 24.269823
1403715578.962143 24.997246
1403715579.012143 25.766997
1403715579.062143 25.026453
1403715579.112143 25.553618
1403715579.162143 25.435241
1403715579.212143 26.068647
1403715579.262143 25.904004
1403715579.312143 25.162456
1403715579.362143 26.622266
1403715579.412143 24.835301
1403715579.462143 27.850572
1403715579.512143 25.127358
1403715579.562143 25.278142
1403715579.612143 26.491800
1403715579.662143 25.458087
1403715579.712143 34.302416
1403715579.762143 26.847510
1403715579.812143 31.368889
1403715579.862143 31.622023
1403715579.912143 24.359511
1403715579.962143 24.311741
1403715580.012143 25.211621
1403715580.062143 23.670014
1403715580.112143 25.803800
1403715580.162143 24.401996
1403715580.212143 25.456270
1403715580.262143 24.865921
1403715580.312143 24.169417
1403715580.362143 27.709130
1403715580.412143 22.937818
1403715580.462143 25.485225
1403715580.512143 23.565163
1403715580.562143 23.713792
1403715580.612143 24.197021
1403715580.662143 23.301264
1403715580.712143 25.558773
1403715580.762143 24.751081
1403715580.812143 23.328488
1403715580.862143 25.768006
1403715580.912143 25.570532
1403715580.962143 28.190620
1403715581.012143 22.894710
1403715581.062143 23.511425
1403715581.112143 24.033242
1403715581.162143 27.466293
1403715581.212143 22.381834
1403715581.262143 23.229488
1403715581.312143 23.260656
1403715581.362143 25.566015
1403715581.412143 31.372607
1403715581.462143 31.744936
1403715581.512143 26.229689
1403715581.562143 24.868007
1403715581.612143 23.679656
1403715581.662143 24.340688
1403715581.712143 24.369572
1403715581.762143 25.034007
1403715581.812143 24.192110
1403715581.862143 24.430535
1403715581.912143 25.534926
1403715581.962143 25.634879
1403715582.012143 23.914042
1403715582.062143 25.134568
1403715582.112143 24.073380
1403715582.162143 23.816199
1403715582.212143 30.491410
1403715582.262143 29.717871
1403715582.312143 23.960989
1403715582.362143 28.218657
1403715582.412143 25.249476
1403715582.462143 25.533558
1403715582.512143 27.675738
1403715582.562143 29.036321
1403715582.612143 26.010026
1403715582.662143 24.882662
1403715582.712143 24.325040
1403715582.762143 25.627071
1403715582.812143 26.074605
1403715582.862143 26.592309
1403715582.912143 25.246267
1403715582.962143 26.692027
1403715583.012143 24.817288
1403715583.062143 26.038091
1403715583.112143 25.550231
1403715583.162143 25.774082
1403715583.212143 24.777001
1403715583.262143 26.700424
1403715583.312143 28.158605
1403715583.362143 27.826710
1403715583.412143 23.962114
1403715583.462143 21.911249
1403715583.512143 25.871482
1403715583.562143 24.702087
1403715583.612143 25.021730
1403715583.662143 25.148641
1403715583.712143 24.806669
1403715583.762143 23.881036
1403715583.812143 24.102470
1403715583.862143 28.221325
1403715583.912143 23.417095
1403715583.962143 24.658949
1403715584.012143 33.316024
1403715584.062143 25.454954
1403715584.112143 23.130669
1403715584.162143 28.091072
1403715584.212143 23.855542
1403715584.262143 26.303461
1403715584.312143 24.721368
1403715584.362143 25.912536
1403715584.412143 24.602150
1403715584.462143 25.885836
1403715584.512143 23.140259
1403715584.562143 23.608416
1403715584.612143 23.838937
1403715584.662143 23.890888
1403715584.712143 23.824507
1403715584.762143 23.677622
1403715584.812143 22.931277
1403715584.862143 24.880608
1403715584.912143 24.547693
1403715584.962143 24.701996
1403715585.012143 24.702593
1403715585.062143 23.159460
1403715585.112143 22.748402
1403715585.162143 24.484935
1403715585.212143 31.338995
1403715585.262143 25.650485
1403715585.312143 24.287440
1403715585.362143 25.192051
1403715585.412143 31.937269
1403715585.462143 29.030666
1403715585.512143 26.248967
1403715585.562143 24.439930
1403715585.612143 25.649845
1403715585.662143 25.543436
1403715585.712143 25.783004
1403715585.762143 26.255230
1403715585.812143 30.776941
1403715585.862143 27.331249
1403715585.912143 24.616670
1403715585.962143 26.161125
1403715586.012143 24.545447
1403715586.062143 27.203961
1403715586.112143 24.485238
1403715586.162143 24.151446
1403715586.212143 23.182432
1403715586.262143 25.560144
1403715586.312143 24.695981
1403715586.362143 24.232182
1403715586.412143 25.462941
1403715586.462143 22.907003
1403715586.512143 24.642272
1403715586.562143 26.449114
1403715586.612143 15.351509
1403715586.662143 23.521405
1403715586.712143 24.259392
1403715586.762143 29.257061
1403715586.812143 25.489712
1403715586.862143 22.561024
1403715586.912143 22.850290
1403715586.962143 23.998052
1403715587.012143 25.088633
1403715587.062143 24.898050
1403715587.112143 23.877010
1403715587.162143 23.971631
1403715587.212143 34.363392
1403715587.262143 28.881952
1403715587.312143 30.585483
1403715587.362143 24.437995
1403715587.412143 22.559983
1403715587.462143 23.259043
1403715587.512143 23.512960
1403715587.562143 24.691692
1403715587.612143 25.623363
1403715587.662143 25.848529
1403715587.712143 22.418801
1403715587.762143 27.175506
1403715587.812143 25.403320
1403715587.862143 27.059839
1403715587.912143 23.327881
1403715587.962143 22.909486
1403715588.012143 24.136955
1403715588.062143 28.899751
1403715588.112143 24.610768
1403715588.162143 24.919462
1403715588.212143 27.598798
1403715588.262143 23.956901
1403715588.312143 26.024659
1403715588.362143 26.469400
1403715588.412143 26.929073
1403715588.462143 24.128320
1403715588.512143 23.674120
1403715588.562143 24.866482
1403715588.612143 25.386525
1403715588.662143 25.459159
1403715588.712143 23.065313
1403715588.762143 25.288253
1403715588.812143 24.357312
1403715588.862143 23.283830
1403715588.912143 26.405924
1403715588.962143 27.450022
1403715589.012143 23.778196
1403715589.062143 23.819027
1403715589.112143 23.303901
1403715589.162143 22.601298
1403715589.212143 23.383461
1403715589.262143 24.330088
1403715589.312143 24.493982
1403715589.362143 23.761562
1403715589.412143 17.107449
1403715589.462143 22.139235
1403715589.512143 29.892018
1403715589.562143 30.773336
1403715589.612143 25.142441
1403715589.662143 24.046649
1403715589.712143 32.908003
1403715589.762143 30.321443
1403715589.812143 24.799965
1403715589.862143 27.382041
1403715589.912143 25.259430
1403715589.962143 25.245676
1403715590.012143 22.908366
1403715590.062143 24.810178
1403715590.112143 25.375828
1403715590.162143 27.865303
1403715590.212143 23.722999
1403715590.262143 24.793234
1403715590.312143 25.741595
1403715590.362143 25.090499
1403715590.412143 24.548632
1403715590.462143 24.361578
1403715590.512143 24.708079
1403715590.562143 23.905420
1403715590.612143 26.922290
1403715590.662143 24.324834
1403715590.712143 27.990885
1403715590.762143 25.113224
1403715590.812143 23.726143
1403715590.862143 23.224522
1403715590.912143 28.099029
1403715590.962143 26.002793
1403715591.012143 25.134558
1403715591.062143 24.069896
1403715591.112143 23.980206
1403715591.162143 23.366228
1403715591.212143 22.216852
1403715591.262143 24.066199
1403715591.312143 24.151057
1403715591.362143 25.332080
1403715591.412143 25.945990
1403715591.462143 28.189572
1403715591.512143 30.901089
1403715591.562143 29.674909
1403715591.612143 30.237039
1403715591.662143 24.362336
1403715591.712143 23.889943
1403715591.762143 24.302854
1403715591.812143 25.263709
1403715591.862143 26.133174
1403715591.912143 26.498702
1403715591.962143 26.169906
1403715592.012143 23.644934
1403715592.062143 24.152850
1403715592.112143 27.791610
1403715592.162143 25.666973
1403715592.212143 30.915534
1403715592.262143 24.547551
1403715592.312143 24.728366
1403715592.362143 24.012309
1403715592.412143 25.068774
1403715592.462143 28.354318
1403715592.512143 22.761771
1403715592.562143 25.001781
1403715592.612143 24.425246
1403715592.662143 26.852141
1403715592.712143 24.422727
1403715592.762143 24.496798
1403715592.812143 29.189692
1403715592.862143 25.410450
1403715592.912143 27.008411
1403715592.962143 26.128621
1403715593.012143 29.279723
1403715593.062143 25.239268
1403715593.112143 24.746616
1403715593.162143 26.009926
1403715593.212143 25.104329
1403715593.262143 23.781924
1403715593.312143 24.179627
1403715593.362143 23.909687
1403715593.412143 28.287509
1403715593.462143 25.359453
1403715593.512143 25.429269
1403715593.562143 28.641745
1403715593.612143 24.585165
1403715593.662143 23.767866
1403715593.712143 24.819891
1403715593.762143 29.899650
1403715593.812143 31.245445
1403715593.862143 25.179470
1403715593.912143 25.116910
1403715593.962143 25.871097
1403715594.012143 24.588629
1403715594.062143 23.877677
1403715594.112143 26.385807
1403715594.162143 24.241942
1403715594.212143 25.746654
1403715594.262143 23.452201
1403715594.312143 22.792741
1403715594.362143 26.423532
1403715594.412143 24.416968
1403715594.462143 23.530120
1403715594.512143 23.366503
1403715594.562143 24.176911
1403715594.612143 26.855963
1403715594.662143 23.885499
1403715594.712143 25.076888
1403715594.762143 24.878917
1403715594.812143 24.568164
1403715594.862143 30.444701
1403715594.912143 40.921156
1403715594.962143 31.794142
1403715595.012143 24.055957
1403715595.062143 24.045248
1403715595.112143 34.394646
1403715595.162143 27.094510
1403715595.212143 29.153550
1403715595.262143 22.584625
1403715595.312143 33.251376
1403715595.362143 26.504774
1403715595.412143 25.805655
1403715595.462143 23.719464
1403715595.512143 24.941705
1403715595.562143 25.088716
1403715595.612143 24.156777
1403715595.662143 24.852560
1403715595.712143 27.176593
1403715595.762143 26.690931
1403715595.812143 24.977911
1403715595.862143 27.270222
1403715595.912143 23.946023
1403715595.962143 26.696969
1403715596.012143 24.608655
1403715596.062143 24.963365
1403715596.112143 24.423216
1403715596.162143 23.600395
1403715596.212143 16.063568
1403715596.262143 22.635527
1403715596.312143 25.505189
1403715596.362143 24.979851
1403715596.412143 23.284486
1403715596.462143 24.460832
1403715596.512143 23.452039
1403715596.562143 25.978876
1403715596.612143 27.935010
1403715596.662143 23.389923
1403715596.712143 22.791758
1403715596.762143 24.905186
1403715596.812143 25.524914
1403715596.862143 24.686165
1403715596.912143 24.241742
1403715596.962143 25.308147
1403715597.012143 26.056079
1403715597.062143 24.413358
1403715597.112143 23.509994
1403715597.162143 23.267509
1403715597.212143 24.767945
1403715597.262143 24.370921
1403715597.312143 31.102916
1403715597.362143 27.874020
1403715597.412143 25.315146
1403715597.462143 24.944001
1403715597.512143 25.992078
1403715597.562143 25.830578
1403715597.612143 25.390312
1403715597.662143 24.347686
1403715597.712143 24.088703
1403715597.762143 24.607036
1403715597.812143 23.516538
1403715597.862143 25.364914
1403715597.912143 24.391263
1403715597.962143 25.511313
1403715598.012143 26.509512
1403715598.062143 24.043977
1403715598.112143 23.665356
1403715598.162143 23.921369
1403715598.212143 27.162628
1403715598.262143 23.986802
1403715598.312143 24.785215
1403715598.362143 24.088261
1403715598.412143 29.737202
1403715598.462143 25.924762
1403715598.512143 41.845411
1403715598.562143 41.074330
1403715598.612143 32.349709
1403715598.662143 23.361856
1403715598.712143 24.637562
1403715598.762143 25.258725
1403715598.812143 30.665452
1403715598.862143 27.218426
1403715598.912143 22.533090
1403715598.962143 24.322332
1403715599.012143 24.638294
1403715599.062143 23.503558
1403715599.112143 24.427478
1403715599.162143 23.935164
1403715599.212143 23.518778
1403715599.262143 22.797435
1403715599.312143 24.137530
1403715599.362143 24.511602
1403715599.412143 23.566422
1403715599.462143 23.824409
1403715599.512143 24.929493
1403715599.562143 26.427878
1403715599.612143 29.695261
1403715599.662143 24.097294
1403715599.712143 28.227633
1403715599.762143 22.643185
1403715599.812143 23.332878
1403715599.862143 22.585110
1403715599.912143 24.688912
1403715599.962143 27.952292
1403715600.012143 28.622689
1403715600.062143 22.625728
1403715600.112143 24.680575
1403715600.162143 23.511561
1403715600.212143 25.178626
1403715600.262143 23.577938
1403715600.312143 22.783040
1403715600.362143 23.937077
1403715600.412143 23.894710
1403715600.462143 24.267168
1403715600.512143 31.409200
1403715600.562143 27.123792
1403715600.612143 31.819131
1403715600.662143 23.130499
1403715600.712143 29.946284
1403715600.762143 23.264059
1403715600.812143 21.926549
1403715600.862143 23.706785
1403715600.912143 27.299008
1403715600.962143 28.867544
1403715601.012143 25.313642
1403715601.062143 23.783971
1403715601.112143 24.655318
1403715601.162143 26.353713
1403715601.212143 23.479003
1403715601.262143 23.723744
1403715601.312143 24.720803
1403715601.362143 25.227629
1403715601.412143 24.619673
1403715601.462143 24.311615
1403715601.512143 27.189960
1403715601.562143 24.355512
1403715601.612143 24.123768
1403715601.662143 24.115226
1403715601.712143 25.885114
1403715601.762143 24.483651
1403715601.812143 23.625529
1403715601.862143 26.494598
1403715601.912143 31.686751
1403715601.962143 28.187307
1403715602.012143 27.413089
1403715602.062143 27.129593
1403715602.112143 26.955008
1403715602.162143 40.491881
1403715602.212143 48.371607
1403715602.262143 26.347555
1403715602.312143 30.216210
1403715602.362143 28.238489
1403715602.412143 30.578541
1403715602.462143 28.583516
1403715602.512143 31.419626
1403715602.562143 23.867964
1403715602.612143 30.744515
1403715602.662143 28.281944
1403715602.712143 30.702203
1403715602.762143 28.655647
1403715602.812143 23.550802
1403715602.862143 24.495445
1403715602.912143 24.377680
1403715602.962143 23.823621
1403715603.012143 23.456248
1403715603.062143 22.822729
1403715603.112143 23.854475
1403715603.162143 24.862685
1403715603.212143 24.932258
1403715603.262143 24.533144
1403715603.312143 24.251234
1403715603.362143 25.495786
1403715603.412143 24.092938
1403715603.462143 24.934551
1403715603.512143 25.676005
1403715603.562143 27.236274
1403715603.612143 24.755763
1403715603.662143 25.270496
1403715603.712143 25.125596
1403715603.762143 25.126716
1403715603.812143 32.783867
1403715603.862143 32.693442
1403715603.912143 32.123582
1403715603.962143 34.690811
1403715604.012143 26.331046
1403715604.062143 26.194150
1403715604.112143 28.637814
1403715604.162143 26.772887
1403715604.212143 24.377739
1403715604.262143 25.116725
1403715604.312143 16.701206
1403715604.362143 25.149253
1403715604.412143 31.465188
1403715604.462143 28.921367
1403715604.512143 34.116006
1403715604.562143 24.315992
1403715604.612143 24.256945
1403715604.662143 32.482573
1403715604.712143 26.472052
1403715604.762143 26.201096
1403715604.812143 24.339403
1403715604.862143 25.512325
1403715604.912143 25.474949
1403715604.962143 24.501172
1403715605.012143 23.830055
1403715605.062143 25.333697
1403715605.112143 24.822991
1403715605.162143 24.924076
1403715605.212143 24.211585
1403715605.262143 23.551567
1403715605.312143 24.961045
1403715605.362143 25.422391
1403715605.412143 24.041315
1403715605.462143 25.001944
1403715605.512143 26.152303
1403715605.562143 26.729193
1403715605.612143 29.901737
1403715605.662143 44.588641
1403715605.712143 44.891823
1403715605.762143 30.174798
1403715605.812143 33.730499
1403715605.862143 27.530910
1403715605.912143 25.901758
1403715605.962143 26.433114
1403715606.012143 26.598596
1403715606.062143 28.050169
1403715606.112143 27.115763
1403715606.162143 28.213753
1403715606.212143 27.812008
1403715606.262143 26.070529
1403715606.312143 28.283053
1403715606.362143 27.705245
1403715606.412143 27.380351
1403715606.462143 27.307211
1403715606.512143 28.705232
1403715606.562143 27.698266
1403715606.612143 27.757241
1403715606.662143 31.708814
1403715606.712143 28.104891
1403715606.762143 28.858688
1403715606.812143 27.850308
1403715606.862143 27.885021
1403715606.912143 28.128565
1403715606.962143 26.651781
1403715607.012143 27.307019
1403715607.062143 27.760239
1403715607.112143 29.769065
1403715607.162143 29.106013
1403715607.212143 30.067019
1403715607.262143 27.196902
1403715607.312143 27.379234
1403715607.362143 28.553162
1403715607.412143 27.491893
1403715607.462143 27.774107
1403715607.512143 28.886061
1403715607.562143 28.778702
1403715607.612143 29.881179
1403715607.662143 28.475982
1403715607.712143 28.272443
1403715607.762143 29.252233
1403715607.812143 30.386054
1403715607.862143 29.442019
1403715607.912143 32.907047
1403715607.962143 27.782639
1403715608.012143 19.443766
1403715608.062143 28.435616
1403715608.112143 19.434246
1403715608.162143 18.888836
1403715608.212143 21.886547
1403715608.262143 20.199873
1403715608.312143 28.716348
1403715608.362143 21.509593
1403715608.412143 24.681906
1403715608.462143 23.724679
1403715608.512143 23.358283
1403715608.562143 18.381545
1403715608.612143 19.106939
1403715608.662143 25.217945
1403715608.712143 18.638409
1403715608.762143 17.378530
1403715608.812143 19.119339
1403715608.862143 19.547017
1403715608.912143 19.443609
1403715608.962143 18.129563
1403715609.012143 19.492008
1403715609.062143 18.374244
1403715609.112143 18.675695
1403715609.162143 18.591035
1403715609.212143 19.526336
1403715609.262143 18.095029
1403715609.312143 18.946667
1403715609.362143 18.250556
