1403715273.262143 56.246501
1403715273.312143 25.364111
1403715273.362143 14.649837
1403715273.412143 22.109737
1403715273.462143 14.923391
1403715273.512143 15.933036
1403715273.562143 17.064514
1403715273.612143 15.863430
1403715273.662143 15.215146
1403715273.712143 15.306822
1403715273.762143 16.115526
1403715273.812143 16.164986
1403715273.862143 15.435163
1403715273.912143 15.947870
1403715273.962143 17.144942
1403715274.012143 16.309209
1403715274.062143 16.003799
1403715274.112143 17.140514
1403715274.162143 16.814173
1403715274.212143 16.422185
1403715274.262143 15.305913
1403715274.312143 16.655140
1403715274.362143 15.922303
1403715274.412143 16.541574
1403715274.462143 17.312794
1403715274.512143 19.978633
1403715274.562143 19.719390
1403715274.612143 31.748293
1403715274.662143 19.584209
1403715274.712143 18.511331
1403715274.762143 20.810041
1403715274.812143 21.329656
1403715274.862143 21.444478
1403715274.912143 16.812127
1403715274.962143 16.196518
1403715275.012143 16.246624
1403715275.062143 16.872528
1403715275.112143 18.083792
1403715275.162143 16.930069
1403715275.212143 15.811681
1403715275.262143 16.531589
1403715275.312143 16.047034
1403715275.362143 16.021119
1403715275.412143 16.062732
1403715275.462143 17.128765
1403715275.512143 16.438596
1403715275.562143 15.278231
1403715275.612143 16.100244
1403715275.662143 15.643547
1403715275.712143 15.646545
1403715275.762143 17.467025
1403715275.812143 16.255564
1403715275.862143 17.021514
1403715275.912143 15.504685
1403715275.962143 16.299606
1403715276.012143 15.882858
1403715276.062143 16.269688
1403715276.112143 15.457521
1403715276.162143 23.374384
1403715276.212143 15.698003
1403715276.262143 15.706947
1403715276.312143 15.556110
1403715276.362143 15.816697
1403715276.412143 15.717046
1403715276.462143 16.085827
1403715276.512143 23.098158
1403715276.562143 15.560285
1403715276.612143 15.724707
1403715276.662143 25.199060
1403715276.712143 25.474582
1403715276.762143 24.130899
1403715276.812143 25.580738
1403715276.862143 25.282456
1403715276.912143 17.174224
1403715276.962143 16.693824
1403715277.012143 15.669596
1403715277.062143 16.075765
1403715277.112143 24.238519
1403715277.162143 16.758958
1403715277.212143 15.320917
1403715277.262143 15.878230
1403715277.312143 15.069187
1403715277.362143 15.738508
1403715277.412143 15.836910
1403715277.462143 25.004599
1403715277.512143 16.479854
1403715277.562143 26.096950
1403715277.612143 24.383561
1403715277.662143 16.786074
1403715277.712143 15.107632
1403715277.762143 16.301585
1403715277.812143 24.218190
1403715277.862143 26.070264
1403715277.912143 24.633174
1403715277.962143 15.217496
1403715278.012143 15.367435
1403715278.062143 24.218681
1403715278.112143 24.435900
1403715278.162143 24.574145
1403715278.212143 21.703557
1403715278.262143 17.132705
1403715278.312143 22.596988
1403715278.362143 27.163287
1403715278.412143 24.131270
1403715278.462143 27.418495
1403715278.512143 24.177747
1403715278.562143 25.851684
1403715278.612143 22.832188
1403715278.662143 23.180331
1403715278.712143 23.871249
1403715278.762143 23.812751
1403715278.812143 27.408887
1403715278.862143 23.545646
1403715278.912143 24.203193
1403715278.962143 21.996147
1403715279.012143 22.780491
1403715279.062143 25.075932
1403715279.112143 26.341054
1403715279.162143 24.506332
1403715279.212143 16.916600
1403715279.262143 23.391697
1403715279.312143 15.897620
1403715279.362143 15.296751
1403715279.412143 23.423055
1403715279.462143 15.655408
1403715279.512143 24.516440
1403715279.562143 16.083236
1403715279.612143 14.619127
1403715279.662143 17.116637
1403715279.712143 23.255689
1403715279.762143 24.672258
1403715279.812143 23.078395
1403715279.862143 24.771589
1403715279.912143 24.152013
1403715279.962143 15.648057
1403715280.012143 24.330991
1403715280.062143 24.769779
1403715280.112143 25.826455
1403715280.162143 25.972359
1403715280.212143 23.511341
1403715280.262143 23.489106
1403715280.312143 24.822889
1403715280.362143 22.462181
1403715280.412143 23.844689
1403715280.462143 25.173504
1403715280.512143 25.003526
1403715280.562143 27.243667
1403715280.612143 24.816328
1403715280.662143 23.371573
1403715280.712143 28.774912
1403715280.762143 22.015955
1403715280.812143 23.287442
1403715280.862143 26.232522
1403715280.912143 25.475131
1403715280.962143 26.041691
1403715281.012143 26.186150
1403715281.062143 22.884614
1403715281.112143 25.832515
1403715281.162143 31.024606
1403715281.212143 29.103608
1403715281.262143 23.013985
1403715281.312143 25.294293
1403715281.362143 24.738969
1403715281.412143 21.658062
1403715281.462143 22.533893
1403715281.512143 23.042842
1403715281.562143 22.927721
1403715281.612143 24.280712
1403715281.662143 23.113324
1403715281.712143 24.042779
1403715281.762143 26.094326
1403715281.812143 24.321562
1403715281.862143 23.878395
1403715281.912143 24.702350
1403715281.962143 23.188266
1403715282.012143 22.575667
1403715282.062143 25.245355
1403715282.112143 25.043286
1403715282.162143 23.688353
1403715282.212143 25.331990
1403715282.262143 27.909871
1403715282.312143 24.902294
1403715282.362143 24.641646
1403715282.412143 26.756960
1403715282.462143 29.303588
1403715282.512143 24.860919
1403715282.562143 23.975536
1403715282.612143 22.171623
1403715282.662143 24.105472
1403715282.712143 25.757069
1403715282.762143 23.838061
1403715282.812143 24.721878
1403715282.862143 25.082457
1403715282.912143 24.466931
1403715282.962143 24.583862
1403715283.012143 27.642077
1403715283.062143 23.824180
1403715283.112143 15.971309
1403715283.162143 23.954064
1403715283.212143 23.178638
1403715283.262143 23.838856
1403715283.312143 24.826392
1403715283.362143 25.128991
1403715283.412143 25.131840
1403715283.462143 24.011617
1403715283.512143 24.132884
1403715283.562143 23.378842
1403715283.612143 23.426968
1403715283.662143 31.086902
1403715283.712143 28.368710
1403715283.762143 33.977665
1403715283.812143 27.468575
1403715283.862143 28.917408
1403715283.912143 16.597735
1403715283.962143 25.463653
1403715284.012143 25.706360
1403715284.062143 22.435617
1403715284.112143 21.936468
1403715284.162143 23.700515
1403715284.212143 22.190207
1403715284.262143 29.572420
1403715284.312143 28.564562
1403715284.362143 32.176695
1403715284.412143 28.021446
1403715284.462143 25.529777
1403715284.512143 24.483878
1403715284.562143 25.546045
1403715284.612143 22.902037
1403715284.662143 22.710607
1403715284.712143 25.361251
1403715284.762143 25.002883
1403715284.812143 21.960145
1403715284.862143 21.932329
1403715284.912143 26.622783
1403715284.962143 24.779539
1403715285.012143 22.794790
1403715285.062143 22.749166
1403715285.112143 23.783978
1403715285.162143 23.494037
1403715285.212143 24.800247
1403715285.262143 30.502501
1403715285.312143 25.294449
1403715285.362143 23.304397
1403715285.412143 23.988837
1403715285.462143 31.126003
1403715285.512143 23.336100
1403715285.562143 24.037970
1403715285.612143 25.203405
1403715285.662143 30.985993
1403715285.712143 26.233212
1403715285.762143 30.638262
1403715285.812143 27.841159
1403715285.862143 32.457362
1403715285.912143 27.573851
1403715285.962143 24.235047
1403715286.012143 25.055730
1403715286.062143 24.656710
1403715286.112143 25.856446
1403715286.162143 24.330920
1403715286.212143 24.052110
1403715286.262143 28.356618
1403715286.312143 32.187003
1403715286.362143 24.728842
1403715286.412143 25.089516
1403715286.462143 32.403456
1403715286.512143 24.222410
1403715286.562143 22.627335
1403715286.612143 22.440603
1403715286.662143 23.763321
1403715286.712143 23.885245
1403715286.762143 24.341702
1403715286.812143 22.858333
1403715286.862143 23.974194
1403715286.912143 25.768588
1403715286.962143 24.249283
1403715287.012143 22.540655
1403715287.062143 24.402071
1403715287.112143 23.850625
1403715287.162143 24.432027
1403715287.212143 22.922602
1403715287.262143 23.440214
1403715287.312143 25.345482
1403715287.362143 24.078763
1403715287.412143 24.953952
1403715287.462143 31.025658
1403715287.512143 29.604312
1403715287.562143 32.007216
1403715287.612143 25.522540
1403715287.662143 29.595879
1403715287.712143 24.778946
1403715287.762143 24.223292
1403715287.812143 24.689717
1403715287.862143 28.979814
1403715287.912143 29.573306
1403715287.962143 24.393495
1403715288.012143 24.707406
1403715288.062143 24.370676
1403715288.112143 28.128472
1403715288.162143 23.806179
1403715288.212143 22.732943
1403715288.262143 22.745324
1403715288.312143 24.060266
1403715288.362143 24.532626
1403715288.412143 27.296868
1403715288.462143 26.666199
1403715288.512143 26.033527
1403715288.562143 16.227023
1403715288.612143 25.174074
1403715288.662143 14.960463
1403715288.712143 25.963290
1403715288.762143 24.564656
1403715288.812143 15.243701
1403715288.862143 23.698731
1403715288.912143 13.874638
1403715288.962143 23.339134
1403715289.012143 15.489319
1403715289.062143 22.446091
1403715289.112143 25.583315
1403715289.162143 16.365846
1403715289.212143 15.788673
1403715289.262143 19.990276
1403715289.312143 25.836925
1403715289.362143 25.295444
1403715289.412143 25.450950
1403715289.462143 24.877205
1403715289.512143 26.665889
1403715289.562143 25.664711
1403715289.612143 24.793059
1403715289.662143 25.220823
1403715289.712143 26.045830
1403715289.762143 24.850487
1403715289.812143 25.558001
1403715289.862143 25.040359
1403715289.912143 27.447231
1403715289.962143 24.544421
1403715290.012143 25.892915
1403715290.062143 25.119168
1403715290.112143 26.029504
1403715290.162143 32.948879
1403715290.212143 19.057312
1403715290.262143 24.437849
1403715290.312143 24.799488
1403715290.362143 25.194535
1403715290.412143 23.235641
1403715290.462143 22.439973
1403715290.512143 24.287362
1403715290.562143 24.392557
1403715290.612143 24.702747
1403715290.662143 24.016681
1403715290.712143 24.217019
1403715290.762143 22.947191
1403715290.812143 23.326096
1403715290.862143 24.285379
1403715290.912143 27.446744
1403715290.962143 25.071650
1403715291.012143 24.557175
1403715291.062143 26.198456
1403715291.112143 25.233119
1403715291.162143 23.953932
1403715291.212143 27.059416
1403715291.262143 28.858687
1403715291.312143 28.058446
1403715291.362143 24.929448
1403715291.412143 22.916848
1403715291.462143 23.108811
1403715291.512143 24.482433
1403715291.562143 25.355197
1403715291.612143 22.538659
1403715291.662143 26.841184
1403715291.712143 29.333754
1403715291.762143 33.084941
1403715291.812143 28.426940
1403715291.862143 33.447262
1403715291.912143 28.742427
1403715291.962143 24.653962
1403715292.012143 24.018847
1403715292.062143 23.989364
1403715292.112143 25.591231
1403715292.162143 22.899777
1403715292.212143 24.566907
1403715292.262143 25.787533
1403715292.312143 23.978915
1403715292.362143 21.580898
1403715292.412143 26.947930
1403715292.462143 24.652952
1403715292.512143 25.963376
1403715292.562143 30.160957
1403715292.612143 27.119428
1403715292.662143 32.009093
1403715292.712143 27.781530
1403715292.762143 24.231756
1403715292.812143 24.534014
1403715292.862143 22.527549
1403715292.912143 24.620592
1403715292.962143 23.512225
1403715293.012143 23.428558
1403715293.062143 23.571904
1403715293.112143 24.758295
1403715293.162143 22.283489
1403715293.212143 23.441278
1403715293.262143 30.274229
1403715293.312143 24.211169
1403715293.362143 22.488151
1403715293.412143 22.830066
1403715293.462143 23.851004
1403715293.512143 24.158765
1403715293.562143 23.929548
1403715293.612143 26.138118
1403715293.662143 28.821742
1403715293.712143 24.005505
1403715293.762143 22.059672
1403715293.812143 22.373537
1403715293.862143 23.753167
1403715293.912143 26.825986
1403715293.962143 30.529809
1403715294.012143 22.487258
1403715294.062143 24.740544
1403715294.112143 24.713307
1403715294.162143 22.285842
1403715294.212143 23.580670
1403715294.262143 23.914132
1403715294.312143 25.144761
1403715294.362143 23.839384
1403715294.412143 23.539241
1403715294.462143 25.530826
1403715294.512143 23.069537
1403715294.562143 24.976874
1403715294.612143 24.185810
1403715294.662143 22.426487
1403715294.712143 26.454955
1403715294.762143 23.881854
1403715294.812143 23.319494
1403715294.862143 24.575391
1403715294.912143 24.673798
1403715294.962143 23.967511
1403715295.012143 23.524819
1403715295.062143 23.357362
1403715295.112143 24.497071
1403715295.162143 22.743121
1403715295.212143 25.081204
1403715295.262143 24.742246
1403715295.312143 24.518580
1403715295.362143 24.075054
1403715295.412143 22.100799
1403715295.462143 23.374826
1403715295.512143 24.547452
1403715295.562143 22.196384
1403715295.612143 24.867728
1403715295.662143 24.309751
1403715295.712143 24.724419
1403715295.762143 23.557296
1403715295.812143 24.212183
1403715295.862143 29.862788
1403715295.912143 23.504555
1403715295.962143 22.582947
1403715296.012143 24.820345
1403715296.062143 24.433572
1403715296.112143 24.643747
1403715296.162143 23.749281
1403715296.212143 24.581593
1403715296.262143 26.148523
1403715296.312143 26.234140
1403715296.362143 23.680903
1403715296.412143 24.440613
1403715296.462143 24.462802
1403715296.512143 26.049845
1403715296.562143 24.610850
1403715296.612143 24.329580
1403715296.662143 22.843128
1403715296.712143 22.977496
1403715296.762143 23.972867
1403715296.812143 21.388455
1403715296.862143 30.476652
1403715296.912143 26.889458
1403715296.962143 25.105292
1403715297.012143 22.312092
1403715297.062143 23.443790
1403715297.112143 23.389235
1403715297.162143 22.757956
1403715297.212143 23.114727
1403715297.262143 24.283031
1403715297.312143 24.848006
1403715297.362143 31.349704
1403715297.412143 28.957040
1403715297.462143 28.364986
1403715297.512143 24.136163
1403715297.562143 31.492447
1403715297.612143 27.160269
1403715297.662143 25.441876
1403715297.712143 25.064508
1403715297.762143 24.588235
1403715297.812143 22.773321
1403715297.862143 24.101965
1403715297.912143 25.008032
1403715297.962143 23.897378
1403715298.012143 24.481936
1403715298.062143 23.991695
1403715298.112143 25.187702
1403715298.162143 24.939588
1403715298.212143 22.768838
1403715298.262143 24.955021
1403715298.312143 24.233648
1403715298.362143 24.197168
1403715298.412143 23.449251
1403715298.462143 24.025799
1403715298.512143 24.845733
1403715298.562143 23.009490
1403715298.612143 24.329371
1403715298.662143 23.678092
1403715298.712143 24.861989
1403715298.762143 23.192094
1403715298.812143 22.841509
1403715298.862143 24.749882
1403715298.912143 23.262690
1403715298.962143 23.013530
1403715299.012143 23.422781
1403715299.062143 22.544669
1403715299.112143 24.828246
1403715299.162143 15.563325
1403715299.212143 24.679764
1403715299.262143 24.148314
1403715299.312143 24.309354
1403715299.362143 31.269718
1403715299.412143 24.649608
1403715299.462143 25.105166
1403715299.512143 26.315430
1403715299.562143 31.729050
1403715299.612143 29.470953
1403715299.662143 31.234407
1403715299.712143 25.530575
1403715299.762143 24.424520
1403715299.812143 24.310622
1403715299.862143 25.481541
1403715299.912143 24.159504
1403715299.962143 25.100173
1403715300.012143 23.726500
1403715300.062143 23.918479
1403715300.112143 26.791094
1403715300.162143 32.106775
1403715300.212143 25.882586
1403715300.262143 25.391321
1403715300.312143 23.899675
1403715300.362143 25.070074
1403715300.412143 24.488922
1403715300.462143 24.543769
1403715300.512143 24.668596
1403715300.562143 23.987681
1403715300.612143 24.148956
1403715300.662143 23.684717
1403715300.712143 22.370106
1403715300.762143 23.093291
1403715300.812143 23.352116
1403715300.862143 25.495740
1403715300.912143 23.245354
1403715300.962143 24.597615
1403715301.012143 29.939822
1403715301.062143 22.816839
1403715301.112143 23.662754
1403715301.162143 23.360996
1403715301.212143 23.914749
1403715301.262143 23.931665
1403715301.312143 25.726954
1403715301.362143 23.307383
1403715301.412143 23.864555
1403715301.462143 23.436682
1403715301.512143 22.720574
1403715301.562143 22.623206
1403715301.612143 22.031880
1403715301.662143 22.595175
1403715301.712143 23.642844
1403715301.762143 26.374723
1403715301.812143 23.596117
1403715301.862143 25.269067
1403715301.912143 23.869781
1403715301.962143 22.636233
1403715302.012143 24.681946
1403715302.062143 23.566850
1403715302.112143 23.159613
1403715302.162143 21.449658
1403715302.212143 25.098669
1403715302.262143 26.340557
1403715302.312143 23.780970
1403715302.362143 31.305243
1403715302.412143 25.062753
1403715302.462143 25.360383
1403715302.512143 25.062901
1403715302.562143 24.637160
1403715302.612143 23.658045
1403715302.662143 24.323410
1403715302.712143 23.174591
1403715302.762143 25.152576
1403715302.812143 23.370085
1403715302.862143 24.303835
1403715302.912143 25.319479
1403715302.962143 22.847364
1403715303.012143 23.842074
1403715303.062143 24.402238
1403715303.112143 25.394333
1403715303.162143 23.005746
1403715303.212143 23.628232
1403715303.262143 35.446833
1403715303.312143 30.452390
1403715303.362143 31.347829
1403715303.412143 26.478001
1403715303.462143 23.278636
1403715303.512143 25.187068
1403715303.562143 23.178045
1403715303.612143 22.727815
1403715303.662143 25.617723
1403715303.712143 25.471874
1403715303.762143 31.263377
1403715303.812143 31.651677
1403715303.862143 33.379962
1403715303.912143 30.719558
1403715303.962143 33.808406
1403715304.012143 26.525912
1403715304.062143 24.573273
1403715304.112143 24.684238
1403715304.162143 22.846743
1403715304.212143 23.941079
1403715304.262143 16.757790
1403715304.312143 24.512136
1403715304.362143 25.047380
1403715304.412143 23.727514
1403715304.462143 25.214990
1403715304.512143 23.641712
1403715304.562143 16.978600
1403715304.612143 16.188252
1403715304.662143 30.155219
1403715304.712143 28.850381
1403715304.762143 24.476047
1403715304.812143 26.015630
1403715304.862143 20.389272
1403715304.912143 19.929787
1403715304.962143 24.348022
1403715305.012143 22.898193
1403715305.062143 15.746010
1403715305.112143 16.722466
1403715305.162143 22.854591
1403715305.212143 23.073701
1403715305.262143 23.384870
1403715305.312143 15.713952
1403715305.362143 24.148926
1403715305.412143 22.733924
1403715305.462143 23.117745
1403715305.512143 24.981567
1403715305.562143 24.485811
1403715305.612143 23.801305
1403715305.662143 23.037664
1403715305.712143 23.135806
1403715305.762143 24.283659
1403715305.812143 23.483022
1403715305.862143 24.376806
1403715305.912143 27.937623
1403715305.962143 22.968459
1403715306.012143 24.925944
1403715306.062143 24.694676
1403715306.112143 24.229010
1403715306.162143 23.412193
1403715306.212143 24.789767
1403715306.262143 31.285600
1403715306.312143 25.616790
1403715306.362143 23.951416
1403715306.412143 25.723779
1403715306.462143 23.929645
1403715306.512143 25.137815
1403715306.562143 24.772499
1403715306.612143 24.743987
1403715306.662143 25.684419
1403715306.712143 24.917606
1403715306.762143 28.257122
1403715306.812143 25.826128
1403715306.862143 32.506102
1403715306.912143 25.729158
1403715306.962143 26.175833
1403715307.012143 24.586863
1403715307.062143 24.672898
1403715307.112143 26.013827
1403715307.162143 24.748744
1403715307.212143 32.026800
1403715307.262143 25.304641
1403715307.312143 27.027229
1403715307.362143 32.373047
1403715307.412143 29.986178
1403715307.462143 23.852749
1403715307.512143 25.174528
1403715307.562143 26.217722
1403715307.612143 27.391543
1403715307.662143 32.162720
1403715307.712143 23.998348
1403715307.762143 24.628399
1403715307.812143 22.424893
1403715307.862143 27.947316
1403715307.912143 24.142361
1403715307.962143 24.869038
1403715308.012143 26.299546
1403715308.062143 25.506169
1403715308.112143 25.632687
1403715308.162143 25.651053
1403715308.212143 26.123780
1403715308.262143 25.354226
1403715308.312143 24.090810
1403715308.362143 25.858071
1403715308.412143 24.103387
1403715308.462143 27.285853
1403715308.512143 24.515304
1403715308.562143 28.512449
1403715308.612143 24.446152
1403715308.662143 23.898647
1403715308.712143 15.031411
1403715308.762143 25.978702
1403715308.812143 23.898752
1403715308.862143 32.146888
1403715308.912143 23.140096
1403715308.962143 22.842837
1403715309.012143 24.043275
1403715309.062143 26.314526
1403715309.112143 24.404094
1403715309.162143 23.655617
1403715309.212143 24.302816
1403715309.262143 24.896881
1403715309.312143 23.574293
1403715309.362143 23.116685
1403715309.412143 23.913228
1403715309.462143 25.214765
1403715309.512143 23.932733
1403715309.562143 26.223785
1403715309.612143 23.990366
1403715309.662143 24.141874
1403715309.712143 24.540078
1403715309.762143 23.823959
1403715309.812143 22.885360
1403715309.862143 24.305990
1403715309.912143 24.138159
1403715309.962143 26.430971
1403715310.012143 23.756768
1403715310.062143 22.918760
1403715310.112143 22.024744
1403715310.162143 25.158928
1403715310.212143 27.949301
1403715310.262143 29.373692
1403715310.312143 23.505977
1403715310.362143 23.984998
1403715310.412143 28.891624
1403715310.462143 27.633809
1403715310.512143 28.275222
1403715310.562143 26.325858
1403715310.612143 25.791274
1403715310.662143 25.268872
1403715310.712143 25.341900
1403715310.762143 26.861207
1403715310.812143 26.018198
1403715310.862143 25.857033
1403715310.912143 26.738384
1403715310.962143 28.006855
1403715311.012143 25.528865
1403715311.062143 23.668372
1403715311.112143 23.704153
1403715311.162143 22.826863
1403715311.212143 24.760890
1403715311.262143 27.280055
1403715311.312143 21.144849
1403715311.362143 22.075058
1403715311.412143 23.578918
1403715311.462143 22.233161
1403715311.512143 25.483144
1403715311.562143 23.421071
1403715311.612143 24.875679
1403715311.662143 23.253543
1403715311.712143 23.716816
1403715311.762143 24.395578
1403715311.812143 24.392456
1403715311.862143 31.652819
1403715311.912143 28.329304
1403715311.962143 25.732407
1403715312.012143 26.241963
1403715312.062143 31.078407
1403715312.112143 23.620269
1403715312.162143 24.341156
1403715312.212143 25.810298
1403715312.262143 31.333922
1403715312.312143 27.496601
1403715312.362143 31.556837
1403715312.412143 27.942077
1403715312.462143 25.715254
1403715312.512143 25.975928
1403715312.562143 31.692202
1403715312.612143 29.670998
1403715312.662143 25.392632
1403715312.712143 23.621342
1403715312.762143 23.135076
1403715312.812143 22.939927
1403715312.862143 22.846032
1403715312.912143 24.052434
1403715312.962143 24.691840
1403715313.012143 25.024436
1403715313.062143 23.397278
1403715313.112143 26.829738
1403715313.162143 23.092913
1403715313.212143 22.115492
1403715313.262143 21.688453
1403715313.312143 25.950877
1403715313.362143 25.177875
1403715313.412143 26.190736
1403715313.462143 24.052339
1403715313.512143 23.657308
1403715313.562143 24.353809
1403715313.612143 23.785529
1403715313.662143 24.784720
1403715313.712143 23.739662
1403715313.762143 25.947444
1403715313.812143 23.319194
1403715313.862143 30.635697
1403715313.912143 25.937439
1403715313.962143 32.150687
1403715314.012143 25.296555
1403715314.062143 23.709815
1403715314.112143 23.523901
1403715314.162143 24.948643
1403715314.212143 23.844572
1403715314.262143 22.987409
1403715314.312143 22.812547
1403715314.362143 23.602875
1403715314.412143 23.691283
1403715314.462143 24.194038
1403715314.512143 24.175476
1403715314.562143 23.345389
1403715314.612143 24.430745
1403715314.662143 22.217267
1403715314.712143 22.924696
1403715314.762143 27.448872
1403715314.812143 23.353467
1403715314.862143 22.290425
1403715314.912143 23.348981
1403715314.962143 23.392656
1403715315.012143 24.364257
1403715315.062143 24.835197
1403715315.112143 24.002255
1403715315.162143 31.918969
1403715315.212143 26.440058
1403715315.262143 24.709317
1403715315.312143 24.967428
1403715315.362143 23.542670
1403715315.412143 24.050631
1403715315.462143 26.071998
1403715315.512143 23.972124
1403715315.562143 23.245301
1403715315.612143 23.809349
1403715315.662143 23.056468
1403715315.712143 22.662319
1403715315.762143 31.204028
1403715315.812143 26.440654
1403715315.862143 25.167920
1403715315.912143 26.838988
1403715315.962143 23.160057
1403715316.012143 26.623843
1403715316.062143 23.555982
1403715316.112143 25.222290
1403715316.162143 24.268869
1403715316.212143 25.136067
1403715316.262143 27.948387
1403715316.312143 24.483789
1403715316.362143 24.509375
1403715316.412143 23.978775
1403715316.462143 23.429043
1403715316.512143 22.250505
1403715316.562143 23.845682
1403715316.612143 23.136366
1403715316.662143 22.879047
1403715316.712143 22.991522
1403715316.762143 22.291451
1403715316.812143 26.477477
1403715316.862143 23.729272
1403715316.912143 22.932849
1403715316.962143 22.956270
1403715317.012143 27.072812
1403715317.062143 30.923815
1403715317.112143 27.745453
1403715317.162143 24.274968
1403715317.212143 24.659150
1403715317.262143 31.587530
1403715317.312143 23.605176
1403715317.362143 22.922141
1403715317.412143 24.813711
1403715317.462143 25.809811
1403715317.512143 24.007883
1403715317.562143 23.928280
1403715317.612143 23.796177
1403715317.662143 22.383159
1403715317.712143 24.582755
1403715317.762143 24.667524
1403715317.812143 24.699683
1403715317.862143 23.447162
1403715317.912143 24.423852
1403715317.962143 24.135808
1403715318.012143 23.884364
1403715318.062143 22.779166
1403715318.112143 24.136063
1403715318.162143 23.340010
1403715318.212143 23.672338
1403715318.262143 25.534240
1403715318.312143 22.509270
1403715318.362143 24.017362
1403715318.412143 24.769981
1403715318.462143 23.947793
1403715318.512143 24.906999
1403715318.562143 30.788697
1403715318.612143 28.183138
1403715318.662143 30.115303
1403715318.712143 27.510128
1403715318.762143 30.621503
1403715318.812143 26.971404
1403715318.862143 31.459859
1403715318.912143 29.677307
1403715318.962143 31.850769
1403715319.012143 27.327864
1403715319.062143 25.181768
1403715319.112143 24.785945
1403715319.162143 30.134696
1403715319.212143 29.876109
1403715319.262143 33.486548
1403715319.312143 29.740144
1403715319.362143 31.993071
1403715319.412143 26.251070
1403715319.462143 24.308051
1403715319.512143 26.516148
1403715319.562143 31.564049
1403715319.612143 25.272295
1403715319.662143 31.301122
1403715319.712143 28.336657
1403715319.762143 31.689484
1403715319.812143 27.039116
1403715319.862143 25.769200
1403715319.912143 16.580141
1403715319.962143 24.500540
1403715320.012143 24.926627
1403715320.062143 24.843083
1403715320.112143 23.250180
1403715320.162143 24.711059
1403715320.212143 33.450198
1403715320.262143 33.436495
1403715320.312143 23.670538
1403715320.362143 25.391126
1403715320.412143 17.213377
1403715320.462143 24.394456
1403715320.512143 25.546197
1403715320.562143 33.661070
1403715320.612143 29.535410
1403715320.662143 25.389455
1403715320.712143 26.845687
1403715320.762143 25.717872
1403715320.812143 25.502543
1403715320.862143 16.852946
1403715320.912143 23.719965
1403715320.962143 26.560530
1403715321.012143 24.583619
1403715321.062143 17.322184
1403715321.112143 27.502396
1403715321.162143 15.724211
1403715321.212143 32.264827
1403715321.262143 24.085183
1403715321.312143 25.486088
1403715321.362143 32.220617
1403715321.412143 23.975616
1403715321.462143 30.214819
1403715321.512143 24.817656
1403715321.562143 23.759592
1403715321.612143 24.623211
1403715321.662143 23.601644
1403715321.712143 24.069125
1403715321.762143 22.619368
1403715321.812143 22.976005
1403715321.862143 27.029774
1403715321.912143 23.432215
1403715321.962143 33.530980
1403715322.012143 33.331777
1403715322.062143 32.345329
1403715322.112143 30.103097
1403715322.162143 33.712192
1403715322.212143 29.085817
1403715322.262143 31.999423
1403715322.312143 24.652121
1403715322.362143 26.038593
1403715322.412143 24.995822
1403715322.462143 23.714663
1403715322.512143 23.689565
1403715322.562143 24.059778
1403715322.612143 24.470156
1403715322.662143 23.500431
1403715322.712143 24.616908
1403715322.762143 26.023047
1403715322.812143 24.941782
1403715322.862143 23.899621
1403715322.912143 21.849906
1403715322.962143 24.850373
1403715323.012143 23.840984
1403715323.062143 22.592572
1403715323.112143 24.966064
1403715323.162143 24.894757
1403715323.212143 23.906201
1403715323.262143 26.037894
1403715323.312143 23.969574
1403715323.362143 23.089811
1403715323.412143 26.398276
1403715323.462143 24.308566
1403715323.512143 24.089531
1403715323.562143 25.456718
1403715323.612143 24.942860
1403715323.662143 24.113367
1403715323.712143 25.962029
1403715323.762143 26.609422
1403715323.812143 28.165024
1403715323.862143 25.282382
1403715323.912143 24.271027
1403715323.962143 24.910654
1403715324.012143 26.434911
1403715324.062143 27.489887
1403715324.112143 27.775454
1403715324.162143 22.675887
1403715324.212143 26.496068
1403715324.262143 29.554258
1403715324.312143 28.100709
1403715324.362143 32.283230
1403715324.412143 24.189608
1403715324.462143 23.991281
1403715324.512143 24.101223
1403715324.562143 30.165059
1403715324.612143 24.577720
1403715324.662143 24.189266
1403715324.712143 27.351605
1403715324.762143 28.293233
1403715324.812143 29.652549
1403715324.862143 27.450751
1403715324.912143 22.857177
1403715324.962143 23.866111
1403715325.012143 24.973001
1403715325.062143 23.440689
1403715325.112143 24.692571
1403715325.162143 23.482089
1403715325.212143 33.233421
1403715325.262143 24.108053
1403715325.312143 16.285495
1403715325.362143 24.815201
1403715325.412143 23.511914
1403715325.462143 23.033497
1403715325.512143 22.940182
1403715325.562143 23.493135
1403715325.612143 27.182308
1403715325.662143 23.939396
1403715325.712143 25.621639
1403715325.762143 26.948911
1403715325.812143 27.993279
1403715325.862143 23.358269
1403715325.912143 28.394378
1403715325.962143 25.396836
1403715326.012143 26.441113
1403715326.062143 30.350398
1403715326.112143 22.695920
1403715326.162143 31.498247
1403715326.212143 24.322869
1403715326.262143 24.920680
1403715326.312143 25.587135
1403715326.362143 26.137700
1403715326.412143 24.795720
1403715326.462143 24.137592
1403715326.512143 26.022814
1403715326.562143 25.358956
1403715326.612143 26.482905
1403715326.662143 30.992603
1403715326.712143 25.889550
1403715326.762143 28.952387
1403715326.812143 27.277369
1403715326.862143 28.516623
1403715326.912143 23.098166
1403715326.962143 22.101023
1403715327.012143 24.299342
1403715327.062143 25.805866
1403715327.112143 24.294927
1403715327.162143 24.262508
1403715327.212143 23.703926
1403715327.262143 24.624127
1403715327.312143 28.497138
1403715327.362143 31.105100
1403715327.412143 28.827527
1403715327.462143 25.010518
1403715327.512143 28.936144
1403715327.562143 23.013913
1403715327.612143 25.036805
1403715327.662143 23.739207
1403715327.712143 24.457911
1403715327.762143 24.351996
1403715327.812143 27.382989
1403715327.862143 24.316083
1403715327.912143 25.013322
1403715327.962143 24.345252
1403715328.012143 25.113993
1403715328.062143 24.766173
1403715328.112143 26.177004
1403715328.162143 23.258682
1403715328.212143 25.015325
1403715328.262143 23.280706
1403715328.312143 22.823340
1403715328.362143 23.041793
1403715328.412143 24.993416
1403715328.462143 24.538315
1403715328.512143 24.381320
1403715328.562143 23.210098
1403715328.612143 24.548039
1403715328.662143 31.407728
1403715328.712143 25.881007
1403715328.762143 22.220370
1403715328.812143 25.296698
1403715328.862143 28.433844
1403715328.912143 23.826212
1403715328.962143 23.476134
1403715329.012143 24.556623
1403715329.062143 24.550494
1403715329.112143 25.828668
1403715329.162143 22.777266
1403715329.212143 24.237184
1403715329.262143 26.856983
1403715329.312143 23.483752
1403715329.362143 23.704078
1403715329.412143 24.054668
1403715329.462143 25.164906
1403715329.512143 22.804786
1403715329.562143 22.591348
1403715329.612143 25.325006
1403715329.662143 25.000502
1403715329.712143 18.010494
1403715329.762143 29.691634
1403715329.812143 28.375615
1403715329.862143 24.838046
1403715329.912143 24.504022
1403715329.962143 32.443042
1403715330.012143 24.263400
1403715330.062143 23.271899
1403715330.112143 21.085106
1403715330.162143 21.851870
1403715330.212143 22.747198
1403715330.262143 22.645085
1403715330.312143 25.181886
1403715330.362143 24.796261
1403715330.412143 23.672911
1403715330.462143 23.037672
1403715330.512143 23.418695
1403715330.562143 22.906847
1403715330.612143 24.692377
1403715330.662143 24.634064
1403715330.712143 22.061778
1403715330.762143 23.516951
1403715330.812143 22.735443
1403715330.862143 24.300561
1403715330.912143 27.457969
1403715330.962143 31.833849
1403715331.012143 31.436796
1403715331.062143 25.004461
1403715331.112143 26.141414
1403715331.162143 30.290184
1403715331.212143 30.050275
1403715331.262143 27.585047
1403715331.312143 27.514949
1403715331.362143 26.367482
1403715331.412143 27.634648
1403715331.462143 25.324938
1403715331.512143 25.795679
1403715331.562143 29.141526
1403715331.612143 27.625029
1403715331.662143 25.670496
1403715331.712143 25.585457
1403715331.762143 33.935071
1403715331.812143 29.716058
1403715331.862143 36.532927
1403715331.912143 25.003785
1403715331.962143 25.180772
1403715332.012143 26.937220
1403715332.062143 24.609085
1403715332.112143 27.464174
1403715332.162143 33.388058
1403715332.212143 23.390293
1403715332.262143 25.178450
1403715332.312143 24.266802
1403715332.362143 25.192632
1403715332.412143 25.207385
1403715332.462143 23.719530
1403715332.512143 23.221240
1403715332.562143 25.896643
1403715332.612143 25.046551
1403715332.662143 23.485260
1403715332.712143 23.089777
1403715332.762143 25.050855
1403715332.812143 23.514839
1403715332.862143 23.186842
1403715332.912143 23.062089
1403715332.962143 23.650995
1403715333.012143 24.511409
1403715333.062143 24.548294
1403715333.112143 23.787884
1403715333.162143 24.443660
1403715333.212143 26.419998
1403715333.262143 16.591418
1403715333.312143 25.480189
1403715333.362143 32.397763
1403715333.412143 25.844827
1403715333.462143 30.941840
1403715333.512143 23.576469
1403715333.562143 32.424706
1403715333.612143 24.815784
1403715333.662143 24.786493
1403715333.712143 23.808689
1403715333.762143 25.389732
1403715333.812143 22.916813
1403715333.862143 24.314303
1403715333.912143 26.643700
1403715333.962143 24.248654
1403715334.012143 27.151259
1403715334.062143 25.091113
1403715334.112143 25.895931
1403715334.162143 25.433703
1403715334.212143 24.389456
1403715334.262143 31.622136
1403715334.312143 27.326718
1403715334.362143 31.579717
1403715334.412143 24.491821
1403715334.462143 30.719162
1403715334.512143 29.248044
1403715334.562143 24.287981
1403715334.612143 23.159064
1403715334.662143 24.675012
1403715334.712143 26.520138
1403715334.762143 24.606609
1403715334.812143 25.785926
1403715334.862143 24.135312
1403715334.912143 26.687995
1403715334.962143 26.537401
1403715335.012143 26.629233
1403715335.062143 25.581291
1403715335.112143 26.114291
1403715335.162143 25.373711
1403715335.212143 25.650573
1403715335.262143 24.662264
1403715335.312143 25.794666
1403715335.362143 24.165204
1403715335.412143 26.244115
1403715335.462143 24.794657
1403715335.512143 26.419602
1403715335.562143 26.104317
1403715335.612143 24.846930
1403715335.662143 25.299218
1403715335.712143 23.542612
1403715335.762143 25.656274
1403715335.812143 27.220175
1403715335.862143 25.565963
1403715335.912143 24.630274
1403715335.962143 31.233628
1403715336.012143 28.908363
1403715336.062143 32.984407
1403715336.112143 29.445637
1403715336.162143 24.336182
1403715336.212143 25.508152
1403715336.262143 25.616370
1403715336.312143 25.522430
1403715336.362143 48.227828
1403715336.412143 27.747012
1403715336.462143 27.448844
1403715336.512143 24.207530
1403715336.562143 24.156388
1403715336.612143 27.317849
1403715336.662143 25.732064
1403715336.712143 26.214275
1403715336.762143 24.420654
1403715336.812143 26.116476
1403715336.862143 26.261893
1403715336.912143 24.582674
1403715336.962143 25.309645
1403715337.012143 27.516571
1403715337.062143 25.516718
1403715337.112143 24.211476
1403715337.162143 26.802022
1403715337.212143 27.294462
1403715337.262143 26.291375
1403715337.312143 26.149360
1403715337.362143 24.779154
1403715337.412143 26.872132
1403715337.462143 26.415951
1403715337.512143 29.201200
1403715337.562143 27.659617
1403715337.612143 25.755754
1403715337.662143 26.518955
1403715337.712143 26.021987
1403715337.762143 25.755993
1403715337.812143 29.302847
1403715337.862143 25.468898
1403715337.912143 24.838874
1403715337.962143 27.096998
1403715338.012143 26.965059
1403715338.062143 34.537859
1403715338.112143 32.143089
1403715338.162143 35.810537
1403715338.212143 30.618887
1403715338.262143 27.380030
1403715338.312143 30.000715
1403715338.362143 28.449657
1403715338.412143 26.706071
1403715338.462143 26.294651
1403715338.512143 28.646279
1403715338.562143 24.783544
1403715338.612143 25.270441
1403715338.662143 25.447512
1403715338.712143 25.243387
1403715338.762143 33.028668
1403715338.812143 27.047782
1403715338.862143 26.712575
1403715338.912143 25.502634
1403715338.962143 26.741595
1403715339.012143 26.421466
1403715339.062143 26.167116
1403715339.112143 26.791738
1403715339.162143 25.871209
1403715339.212143 25.752239
1403715339.262143 25.724430
1403715339.312143 23.576989
1403715339.362143 23.885229
1403715339.412143 24.613868
1403715339.462143 24.078773
1403715339.512143 22.966782
1403715339.562143 23.719215
1403715339.612143 23.567197
1403715339.662143 23.689258
1403715339.712143 23.280656
1403715339.762143 25.618519
1403715339.812143 26.010541
1403715339.862143 25.741313
1403715339.912143 24.382783
1403715339.962143 24.055948
1403715340.012143 26.445441
1403715340.062143 31.313602
1403715340.112143 25.711987
1403715340.162143 23.318229
1403715340.212143 26.649128
1403715340.262143 23.441307
1403715340.312143 24.585852
1403715340.362143 24.615794
1403715340.412143 24.976345
1403715340.462143 22.762671
1403715340.512143 24.426044
1403715340.562143 15.047445
1403715340.612143 14.378860
1403715340.662143 22.747421
1403715340.712143 16.775294
1403715340.762143 24.473504
1403715340.812143 24.454317
1403715340.862143 17.995216
1403715340.912143 24.529908
1403715340.962143 14.320398
1403715341.012143 23.975999
1403715341.062143 23.694716
1403715341.112143 24.648557
1403715341.162143 25.146211
1403715341.212143 16.233637
1403715341.262143 22.653143
1403715341.312143 24.594506
1403715341.362143 25.963038
1403715341.412143 28.450778
1403715341.462143 24.213097
1403715341.512143 26.346286
1403715341.562143 24.328204
1403715341.612143 26.110538
1403715341.662143 23.693479
1403715341.712143 25.433396
1403715341.762143 26.661485
1403715341.812143 25.998338
1403715341.862143 23.304497
1403715341.912143 26.212502
1403715341.962143 24.421859
1403715342.012143 25.377064
1403715342.062143 24.544836
1403715342.112143 24.188030
1403715342.162143 25.637971
1403715342.212143 27.095666
1403715342.262143 32.322537
1403715342.312143 32.869812
1403715342.362143 30.797233
1403715342.412143 27.345153
1403715342.462143 24.213266
1403715342.512143 25.803831
1403715342.562143 24.447613
1403715342.612143 25.597170
1403715342.662143 24.249736
1403715342.712143 26.053602
1403715342.762143 26.026874
1403715342.812143 28.750148
1403715342.862143 24.735285
1403715342.912143 26.055750
1403715342.962143 24.810194
1403715343.012143 23.889769
1403715343.062143 23.830118
1403715343.112143 23.262212
1403715343.162143 24.049908
1403715343.212143 26.215144
1403715343.262143 26.163500
1403715343.312143 25.721111
1403715343.362143 26.380772
1403715343.412143 23.753485
1403715343.462143 26.511652
1403715343.512143 25.740277
1403715343.562143 30.809022
1403715343.612143 35.244000
1403715343.662143 24.860668
1403715343.712143 24.284459
1403715343.762143 24.370046
1403715343.812143 26.160303
1403715343.862143 27.167532
1403715343.912143 25.088540
1403715343.962143 24.891084
1403715344.012143 26.901835
1403715344.062143 26.042730
1403715344.112143 24.685948
1403715344.162143 24.156199
1403715344.212143 24.809193
1403715344.262143 24.928533
1403715344.312143 25.118275
1403715344.362143 30.570871
1403715344.412143 28.616773
1403715344.462143 32.149909
1403715344.512143 23.282831
1403715344.562143 24.830926
1403715344.612143 24.274877
1403715344.662143 23.508538
1403715344.712143 24.494909
1403715344.762143 24.657733
1403715344.812143 26.841143
1403715344.862143 29.759008
1403715344.912143 24.470466
1403715344.962143 25.557565
1403715345.012143 24.102569
1403715345.062143 24.640901
1403715345.112143 25.633800
1403715345.162143 25.028283
1403715345.212143 25.619227
1403715345.262143 32.657998
1403715345.312143 27.846205
1403715345.362143 24.383160
1403715345.412143 27.401462
1403715345.462143 25.162826
1403715345.512143 25.464156
1403715345.562143 24.067144
1403715345.612143 26.361889
1403715345.662143 24.517918
1403715345.712143 28.076392
1403715345.762143 25.054377
1403715345.812143 26.830134
1403715345.862143 23.879058
1403715345.912143 25.563538
1403715345.962143 24.447284
1403715346.012143 29.277001
1403715346.062143 24.349184
1403715346.112143 24.179218
1403715346.162143 24.082314
1403715346.212143 24.968778
1403715346.262143 24.053484
1403715346.312143 24.288178
1403715346.362143 22.680458
1403715346.412143 26.349553
1403715346.462143 24.582170
1403715346.512143 24.147527
1403715346.562143 24.557278
1403715346.612143 24.261583
1403715346.662143 24.819249
1403715346.712143 24.798852
1403715346.762143 24.093861
1403715346.812143 24.675338
1403715346.862143 24.749095
1403715346.912143 23.831470
1403715346.962143 22.355891
1403715347.012143 24.379691
1403715347.062143 23.659299
1403715347.112143 22.026179
1403715347.162143 23.060169
1403715347.212143 23.081292
1403715347.262143 31.407033
1403715347.312143 26.500168
1403715347.362143 30.185478
1403715347.412143 26.922207
1403715347.462143 25.092005
1403715347.512143 25.385179
1403715347.562143 24.215346
1403715347.612143 24.960927
1403715347.662143 25.096670
1403715347.712143 25.529102
1403715347.762143 22.613512
1403715347.812143 25.631769
1403715347.862143 25.176703
1403715347.912143 23.511706
1403715347.962143 23.727528
1403715348.012143 25.553748
1403715348.062143 23.702955
1403715348.112143 25.930537
1403715348.162143 27.255257
1403715348.212143 25.745128
1403715348.262143 26.963097
1403715348.312143 23.849207
1403715348.362143 23.240576
1403715348.412143 25.559179
1403715348.462143 24.552462
1403715348.512143 23.992888
1403715348.562143 25.345921
1403715348.612143 25.386805
1403715348.662143 28.803545
1403715348.712143 25.425856
1403715348.762143 24.838641
1403715348.812143 26.917608
1403715348.862143 32.320899
1403715348.912143 27.479720
1403715348.962143 28.480131
1403715349.012143 23.441124
1403715349.062143 23.065462
1403715349.112143 22.544257
1403715349.162143 21.858403
1403715349.212143 23.618389
1403715349.262143 22.986893
1403715349.312143 22.044132
1403715349.362143 22.101774
1403715349.412143 22.846390
1403715349.462143 24.053065
1403715349.512143 23.736582
1403715349.562143 31.433624
1403715349.612143 23.722059
1403715349.662143 30.272363
1403715349.712143 25.463750
1403715349.762143 24.991590
1403715349.812143 29.619011
1403715349.862143 31.459865
1403715349.912143 27.945270
1403715349.962143 25.463734
1403715350.012143 25.554652
1403715350.062143 24.879506
1403715350.112143 25.783186
1403715350.162143 23.174496
1403715350.212143 25.063079
1403715350.262143 24.820484
1403715350.312143 25.663720
1403715350.362143 24.574562
1403715350.412143 25.882448
1403715350.462143 24.296008
1403715350.512143 26.794455
1403715350.562143 25.807470
1403715350.612143 27.109258
1403715350.662143 23.287403
1403715350.712143 25.129040
1403715350.762143 25.595954
1403715350.812143 22.788688
1403715350.862143 23.399425
1403715350.912143 24.078884
1403715350.962143 23.376027
1403715351.012143 25.185517
1403715351.062143 28.781736
1403715351.112143 21.843461
1403715351.162143 25.120492
1403715351.212143 24.743427
1403715351.262143 23.531536
1403715351.312143 25.384612
1403715351.362143 23.049226
1403715351.412143 24.858100
1403715351.462143 26.309567
1403715351.512143 24.591426
1403715351.562143 25.372819
1403715351.612143 26.427290
1403715351.662143 24.189370
1403715351.712143 26.867513
1403715351.762143 24.732085
1403715351.812143 25.236851
1403715351.862143 25.882518
1403715351.912143 26.545390
1403715351.962143 26.899508
1403715352.012143 24.469436
1403715352.062143 25.759330
1403715352.112143 26.839032
1403715352.162143 25.945288
1403715352.212143 26.176741
1403715352.262143 27.815088
1403715352.312143 25.887267
1403715352.362143 25.309402
1403715352.412143 25.461538
1403715352.462143 23.572648
1403715352.512143 23.746876
1403715352.562143 24.924541
1403715352.612143 25.580664
1403715352.662143 25.901924
1403715352.712143 24.912891
1403715352.762143 24.543754
1403715352.812143 25.342007
1403715352.862143 23.065363
1403715352.912143 24.836545
1403715352.962143 22.725359
1403715353.012143 23.636193
1403715353.062143 22.948749
1403715353.112143 21.431048
1403715353.162143 22.925928
1403715353.212143 23.118827
1403715353.262143 24.513173
1403715353.312143 22.660404
1403715353.362143 32.608375
1403715353.412143 28.317247
1403715353.462143 31.080753
1403715353.512143 22.472938
1403715353.562143 23.887976
1403715353.612143 23.801204
1403715353.662143 22.973184
1403715353.712143 14.611157
1403715353.762143 23.799356
1403715353.812143 24.128359
1403715353.862143 30.443172
1403715353.912143 17.073643
1403715353.962143 16.447927
1403715354.012143 22.477618
1403715354.062143 14.778122
1403715354.112143 22.018528
1403715354.162143 24.263594
1403715354.212143 24.782965
1403715354.262143 21.511564
1403715354.312143 21.648479
1403715354.362143 24.513667
1403715354.412143 25.004895
1403715354.462143 15.804917
1403715354.512143 21.961994
1403715354.562143 15.408626
1403715354.612143 15.723164
1403715354.662143 24.995651
1403715354.712143 15.018410
1403715354.762143 22.603666
1403715354.812143 14.482617
1403715354.862143 24.674383
1403715354.912143 22.980897
1403715354.962143 21.361320
1403715355.012143 22.602439
1403715355.062143 25.191505
1403715355.112143 29.489455
1403715355.162143 25.485962
1403715355.212143 26.002514
1403715355.262143 31.728148
1403715355.312143 22.008467
1403715355.362143 21.615373
1403715355.412143 31.503935
1403715355.462143 27.193043
1403715355.512143 27.170052
1403715355.562143 24.581338
1403715355.612143 23.266381
1403715355.662143 22.835042
1403715355.712143 24.205065
1403715355.762143 26.722073
1403715355.812143 28.276112
1403715355.862143 22.638015
1403715355.912143 23.615887
1403715355.962143 25.786640
1403715356.012143 27.263459
1403715356.062143 22.882238
1403715356.112143 22.504510
1403715356.162143 22.256263
1403715356.212143 22.487038
1403715356.262143 22.439774
1403715356.312143 23.900421
1403715356.362143 23.483827
1403715356.412143 23.636326
1403715356.462143 26.203785
1403715356.512143 23.036591
1403715356.562143 21.907849
1403715356.612143 23.035766
1403715356.662143 23.789741
1403715356.712143 22.877044
1403715356.762143 23.231870
1403715356.812143 23.635056
1403715356.862143 31.329563
1403715356.912143 23.573901
1403715356.962143 23.642798
1403715357.012143 24.562532
1403715357.062143 24.467825
1403715357.112143 24.531894
1403715357.162143 23.428109
1403715357.212143 23.192513
1403715357.262143 23.709882
1403715357.312143 24.272858
1403715357.362143 24.301950
1403715357.412143 24.877908
1403715357.462143 24.006221
1403715357.512143 24.691876
1403715357.562143 23.430310
1403715357.612143 22.869863
1403715357.662143 25.139204
1403715357.712143 22.188776
1403715357.762143 21.921896
1403715357.812143 23.541961
1403715357.862143 24.581953
1403715357.912143 23.939510
1403715357.962143 23.729602
1403715358.012143 23.361706
1403715358.062143 24.767054
1403715358.112143 26.085147
1403715358.162143 23.291142
1403715358.212143 21.696058
1403715358.262143 24.689731
1403715358.312143 23.357657
1403715358.362143 23.289435
1403715358.412143 25.491020
1403715358.462143 26.363207
1403715358.512143 24.331177
1403715358.562143 24.468737
1403715358.612143 23.270340
1403715358.662143 31.658409
1403715358.712143 26.694963
1403715358.762143 30.808806
1403715358.812143 23.831178
1403715358.862143 25.005411
1403715358.912143 26.031604
1403715358.962143 24.429586
1403715359.012143 30.168065
1403715359.062143 25.386052
1403715359.112143 26.767304
1403715359.162143 22.949999
1403715359.212143 24.826451
1403715359.262143 24.046318
1403715359.312143 24.104817
1403715359.362143 31.814572
1403715359.412143 24.804102
1403715359.462143 23.538758
1403715359.512143 22.800787
1403715359.562143 22.847004
1403715359.612143 22.940254
1403715359.662143 21.965399
1403715359.712143 22.621181
1403715359.762143 22.229205
1403715359.812143 23.476848
1403715359.862143 23.697378
1403715359.912143 22.514927
1403715359.962143 91.875903
1403715360.012143 30.198988
1403715360.062143 29.816694
1403715360.112143 30.211622
1403715360.162143 27.901687
1403715360.212143 23.816473
1403715360.262143 22.905529
1403715360.312143 23.290988
1403715360.362143 22.500812
1403715360.412143 27.769578
1403715360.462143 23.063772
1403715360.512143 23.999194
1403715360.562143 23.934071
1403715360.612143 23.483134
1403715360.662143 23.512365
1403715360.712143 23.683770
1403715360.762143 24.255476
1403715360.812143 24.102123
1403715360.862143 30.794014
1403715360.912143 23.066207
1403715360.962143 24.219773
1403715361.012143 23.498870
1403715361.062143 21.969105
1403715361.112143 23.099904
1403715361.162143 22.547251
1403715361.212143 23.589855
1403715361.262143 23.103403
1403715361.312143 25.231413
1403715361.362143 23.130171
1403715361.412143 27.123695
1403715361.462143 24.641142
1403715361.512143 22.619964
1403715361.562143 25.622140
1403715361.612143 23.581008
1403715361.662143 22.719418
1403715361.712143 25.547822
1403715361.762143 30.286285
1403715361.812143 24.317714
1403715361.862143 24.109446
1403715361.912143 25.182411
1403715361.962143 23.671101
1403715362.012143 31.023885
1403715362.062143 31.714234
1403715362.112143 23.841667
1403715362.162143 29.495192
1403715362.212143 23.826782
1403715362.262143 24.689632
1403715362.312143 24.976889
1403715362.362143 23.982060
1403715362.412143 23.284101
1403715362.462143 24.341051
1403715362.512143 23.220233
1403715362.562143 31.179730
1403715362.612143 25.437757
1403715362.662143 24.574594
1403715362.712143 24.225031
1403715362.762143 24.370169
1403715362.812143 25.729340
1403715362.862143 23.816199
1403715362.912143 24.908761
1403715362.962143 22.674632
1403715363.012143 22.654812
1403715363.062143 25.135731
1403715363.112143 23.297624
1403715363.162143 25.087763
1403715363.212143 23.875784
1403715363.262143 24.066016
1403715363.312143 23.832873
1403715363.362143 23.047134
1403715363.412143 22.003868
1403715363.462143 26.488694
1403715363.512143 23.296539
1403715363.562143 24.689642
1403715363.612143 23.699962
1403715363.662143 23.693686
1403715363.712143 25.277540
1403715363.762143 22.775414
1403715363.812143 28.761068
1403715363.862143 24.941702
1403715363.912143 24.400748
1403715363.962143 25.965484
1403715364.012143 23.722048
1403715364.062143 24.062304
1403715364.112143 27.066692
1403715364.162143 23.711061
1403715364.212143 24.522376
1403715364.262143 23.490824
1403715364.312143 23.443066
1403715364.362143 23.044810
1403715364.412143 27.480896
1403715364.462143 23.495818
1403715364.512143 23.363854
1403715364.562143 18.946330
1403715364.612143 23.561832
1403715364.662143 27.217627
1403715364.712143 22.970616
1403715364.762143 21.894613
1403715364.812143 24.885957
1403715364.862143 23.564532
1403715364.912143 22.230993
1403715364.962143 23.080317
1403715365.012143 22.509006
1403715365.062143 22.979045
1403715365.112143 22.716489
1403715365.162143 23.494069
1403715365.212143 23.181605
1403715365.262143 24.002408
1403715365.312143 23.416313
1403715365.362143 22.741876
1403715365.412143 23.900504
1403715365.462143 24.383831
1403715365.512143 22.858784
1403715365.562143 22.663967
1403715365.612143 24.632477
1403715365.662143 24.119464
1403715365.712143 24.836558
1403715365.762143 30.445887
1403715365.812143 27.775008
1403715365.862143 23.911572
1403715365.912143 25.050335
1403715365.962143 25.355868
1403715366.012143 24.040722
1403715366.062143 24.599048
1403715366.112143 25.390687
1403715366.162143 22.699318
1403715366.212143 25.376064
1403715366.262143 24.837222
1403715366.312143 24.225762
1403715366.362143 24.351234
1403715366.412143 27.254149
1403715366.462143 30.594116
1403715366.512143 30.425718
1403715366.562143 31.930562
1403715366.612143 26.956684
1403715366.662143 24.401199
1403715366.712143 23.963965
1403715366.762143 24.536387
1403715366.812143 26.834835
1403715366.862143 23.552147
1403715366.912143 27.411210
1403715366.962143 24.918610
1403715367.012143 22.831870
1403715367.062143 24.617634
1403715367.112143 23.809150
1403715367.162143 24.654552
1403715367.212143 23.145571
1403715367.262143 15.043538
1403715367.312143 22.727624
1403715367.362143 22.698734
1403715367.412143 21.919242
1403715367.462143 24.920872
1403715367.512143 24.195137
1403715367.562143 23.912191
1403715367.612143 24.003444
1403715367.662143 28.532517
1403715367.712143 21.859694
1403715367.762143 24.427929
1403715367.812143 25.295656
1403715367.862143 23.389153
1403715367.912143 23.174468
1403715367.962143 23.944531
1403715368.012143 28.013200
1403715368.062143 33.229808
1403715368.112143 34.165493
1403715368.162143 18.203861
1403715368.212143 25.758334
1403715368.262143 26.509119
1403715368.312143 25.800390
1403715368.362143 24.515050
1403715368.412143 24.220446
1403715368.462143 24.392850
1403715368.512143 23.026838
1403715368.562143 25.211457
1403715368.612143 25.094581
1403715368.662143 24.496486
1403715368.712143 25.232339
1403715368.762143 24.437375
1403715368.812143 24.984075
1403715368.862143 24.925704
1403715368.912143 25.168522
1403715368.962143 23.839313
1403715369.012143 26.436309
1403715369.062143 26.673591
1403715369.112143 25.124446
1403715369.162143 22.337469
1403715369.212143 23.546101
1403715369.262143 26.431617
1403715369.312143 24.776533
1403715369.362143 24.078900
1403715369.412143 25.263265
1403715369.462143 23.633045
1403715369.512143 27.489866
1403715369.562143 22.767379
1403715369.612143 25.789216
1403715369.662143 22.831757
1403715369.712143 22.569032
1403715369.762143 26.498523
1403715369.812143 25.879975
1403715369.862143 24.686447
1403715369.912143 24.350886
1403715369.962143 24.265802
1403715370.012143 24.895641
1403715370.062143 24.807145
1403715370.112143 15.662992
1403715370.162143 23.260079
1403715370.212143 25.784348
1403715370.262143 24.305514
1403715370.312143 24.314857
1403715370.362143 23.185895
1403715370.412143 24.426894
1403715370.462143 24.940574
1403715370.512143 24.988079
1403715370.562143 23.529273
1403715370.612143 22.802537
1403715370.662143 24.223572
1403715370.712143 24.249158
1403715370.762143 24.518575
1403715370.812143 23.178030
1403715370.862143 25.176465
1403715370.912143 24.157535
1403715370.962143 23.736918
1403715371.012143 24.850388
1403715371.062143 24.086269
1403715371.112143 24.456792
1403715371.162143 24.156584
1403715371.212143 24.983930
1403715371.262143 24.238413
1403715371.312143 26.195533
1403715371.362143 24.198687
1403715371.412143 25.650495
1403715371.462143 25.050892
1403715371.512143 24.574793
1403715371.562143 25.743315
1403715371.612143 25.241518
1403715371.662143 24.642147
1403715371.712143 24.250392
1403715371.762143 30.945327
1403715371.812143 32.407601
1403715371.862143 31.156529
1403715371.912143 32.877478
1403715371.962143 22.771987
1403715372.012143 30.929828
1403715372.062143 24.228581
1403715372.112143 23.443793
1403715372.162143 23.296861
1403715372.212143 24.935947
1403715372.262143 23.637900
1403715372.312143 25.483752
1403715372.362143 25.337026
1403715372.412143 24.428877
1403715372.462143 24.659402
1403715372.512143 24.896694
1403715372.562143 27.421073
1403715372.612143 25.939424
1403715372.662143 24.691903
1403715372.712143 24.136430
1403715372.762143 24.899759
1403715372.812143 31.821448
1403715372.862143 33.073879
1403715372.912143 26.621109
1403715372.962143 32.664439
1403715373.012143 26.827755
1403715373.062143 24.337539
1403715373.112143 24.433530
1403715373.162143 22.898123
1403715373.212143 24.348234
1403715373.262143 24.706820
1403715373.312143 28.665295
1403715373.362143 25.082810
1403715373.412143 24.091740
1403715373.462143 25.160896
1403715373.512143 24.119806
1403715373.562143 25.385563
1403715373.612143 24.349294
1403715373.662143 25.446135
1403715373.712143 24.852663
1403715373.762143 24.590899
1403715373.812143 25.254605
1403715373.862143 25.114479
1403715373.912143 26.053783
1403715373.962143 22.630579
1403715374.012143 25.370878
1403715374.062143 24.510544
1403715374.112143 26.575175
1403715374.162143 23.802948
1403715374.212143 26.766570
1403715374.262143 24.417056
1403715374.312143 24.115868
1403715374.362143 25.440506
1403715374.412143 23.117019
1403715374.462143 24.567583
1403715374.512143 26.245139
1403715374.562143 23.039785
1403715374.612143 24.936604
1403715374.662143 24.133339
1403715374.712143 36.347566
1403715374.762143 22.633625
1403715374.812143 26.555794
1403715374.862143 31.420778
1403715374.912143 26.703428
1403715374.962143 23.306238
1403715375.012143 23.479157
1403715375.062143 22.145945
1403715375.112143 28.341573
1403715375.162143 31.730640
1403715375.212143 35.956586
1403715375.262143 34.167956
1403715375.312143 24.548991
1403715375.362143 24.272596
1403715375.412143 24.957352
1403715375.462143 25.933557
1403715375.512143 22.191307
1403715375.562143 23.480469
1403715375.612143 24.769723
1403715375.662143 24.367381
1403715375.712143 22.588073
1403715375.762143 23.138484
1403715375.812143 24.914407
1403715375.862143 24.847279
1403715375.912143 24.261725
1403715375.962143 25.410569
1403715376.012143 26.049058
1403715376.062143 22.277454
1403715376.112143 25.689616
1403715376.162143 23.733252
1403715376.212143 25.940339
1403715376.262143 35.941143
1403715376.312143 26.562691
1403715376.362143 24.318660
1403715376.412143 25.356384
1403715376.462143 24.004845
1403715376.512143 24.950299
1403715376.562143 25.758082
1403715376.612143 23.785097
1403715376.662143 23.825495
1403715376.712143 24.175448
1403715376.762143 26.407307
1403715376.812143 23.537916
1403715376.862143 24.751382
1403715376.912143 23.600578
1403715376.962143 23.502734
1403715377.012143 34.150561
1403715377.062143 24.548227
1403715377.112143 29.905113
1403715377.162143 24.636767
1403715377.212143 23.453436
1403715377.262143 29.136394
1403715377.312143 23.802940
1403715377.362143 21.924475
1403715377.412143 31.951921
1403715377.462143 30.184506
1403715377.512143 30.270497
1403715377.562143 22.939100
1403715377.612143 24.599311
1403715377.662143 24.905948
1403715377.712143 23.290420
1403715377.762143 30.136842
1403715377.812143 26.211566
1403715377.862143 31.467775
1403715377.912143 29.777636
1403715377.962143 26.857961
1403715378.012143 25.942044
1403715378.062143 29.039683
1403715378.112143 25.651012
1403715378.162143 24.817755
1403715378.212143 24.526104
1403715378.262143 21.967171
1403715378.312143 24.661639
1403715378.362143 22.851391
1403715378.412143 23.617505
1403715378.462143 24.253932
1403715378.512143 24.121826
1403715378.562143 26.745818
1403715378.612143 21.793814
1403715378.662143 26.807908
1403715378.712143 30.994018
1403715378.762143 27.805749
1403715378.812143 30.388279
1403715378.862143 29.553690
1403715378.912143 23.748531
1403715378.962143 24.133132
1403715379.012143 24.503302
1403715379.062143 24.481288
1403715379.112143 27.975171
1403715379.162143 28.354023
1403715379.212143 23.253913
1403715379.262143 29.816564
1403715379.312143 72.154996
1403715379.362143 31.829864
1403715379.412143 24.531078
1403715379.462143 22.585632
1403715379.512143 22.740572
1403715379.562143 24.857075
1403715379.612143 24.448153
1403715379.662143 23.136341
1403715379.712143 24.337627
1403715379.762143 25.255852
1403715379.812143 23.300207
1403715379.862143 24.062539
1403715379.912143 25.519909
1403715379.962143 25.202092
1403715380.012143 24.446180
1403715380.062143 23.862664
1403715380.112143 26.304238
1403715380.162143 24.787525
1403715380.212143 30.010814
1403715380.262143 32.766758
1403715380.312143 28.187317
1403715380.362143 32.092750
1403715380.412143 23.246920
1403715380.462143 30.398723
1403715380.512143 22.788009
1403715380.562143 24.410447
1403715380.612143 23.741247
1403715380.662143 23.816811
1403715380.712143 24.218788
1403715380.762143 24.281253
1403715380.812143 23.947153
1403715380.862143 23.707022
1403715380.912143 22.836405
1403715380.962143 23.674341
1403715381.012143 25.610934
1403715381.062143 30.428988
1403715381.112143 22.979257
1403715381.162143 24.067963
1403715381.212143 23.989664
1403715381.262143 30.486146
1403715381.312143 26.241214
1403715381.362143 27.708837
1403715381.412143 24.992919
1403715381.462143 30.310505
1403715381.512143 26.488990
1403715381.562143 25.075059
1403715381.612143 23.776418
1403715381.662143 24.912452
1403715381.712143 22.757223
1403715381.762143 24.946637
1403715381.812143 21.949622
1403715381.862143 29.249057
1403715381.912143 25.853775
1403715381.962143 23.777186
1403715382.012143 23.170267
1403715382.062143 26.162029
1403715382.112143 23.900260
1403715382.162143 23.206637
1403715382.212143 22.601282
1403715382.262143 23.099055
1403715382.312143 23.898458
1403715382.362143 27.784000
1403715382.412143 27.427498
1403715382.462143 31.747685
1403715382.512143 29.652785
1403715382.562143 30.288142
1403715382.612143 28.644816
1403715382.662143 25.966111
1403715382.712143 22.750263
1403715382.762143 22.610705
1403715382.812143 24.249161
1403715382.862143 23.617868
1403715382.912143 23.776517
1403715382.962143 23.797985
1403715383.012143 25.227216
1403715383.062143 23.085535
1403715383.112143 24.894495
1403715383.162143 15.573502
1403715383.212143 21.952706
1403715383.262143 24.083450
1403715383.312143 24.563456
1403715383.362143 22.012610
1403715383.412143 26.739135
1403715383.462143 32.324317
1403715383.512143 23.635570
1403715383.562143 22.692430
1403715383.612143 26.441195
1403715383.662143 25.012529
1403715383.712143 24.803513
1403715383.762143 26.027510
1403715383.812143 26.048335
1403715383.862143 25.048934
1403715383.912143 25.966142
1403715383.962143 24.528610
1403715384.012143 25.288475
1403715384.062143 24.232210
1403715384.112143 23.635257
1403715384.162143 24.098337
1403715384.212143 23.532637
1403715384.262143 30.395063
1403715384.312143 24.165525
1403715384.362143 23.893414
1403715384.412143 25.106730
1403715384.462143 25.425598
1403715384.512143 29.191645
1403715384.562143 32.950897
1403715384.612143 27.709838
1403715384.662143 25.422124
1403715384.712143 25.237587
1403715384.762143 24.375752
1403715384.812143 25.536608
1403715384.862143 25.545525
1403715384.912143 25.107433
1403715384.962143 27.437613
1403715385.012143 33.452614
1403715385.062143 26.672332
1403715385.112143 29.904731
1403715385.162143 30.653616
1403715385.212143 20.942529
1403715385.262143 30.118874
1403715385.312143 32.426325
1403715385.362143 33.964987
1403715385.412143 30.054257
1403715385.462143 31.400646
1403715385.512143 31.977058
1403715385.562143 24.924705
1403715385.612143 26.092124
1403715385.662143 24.023498
1403715385.712143 24.227551
1403715385.762143 32.048276
1403715385.812143 27.768287
1403715385.862143 24.736911
1403715385.912143 24.123173
1403715385.962143 36.825684
1403715386.012143 39.161837
1403715386.062143 45.352890
1403715386.112143 24.645298
1403715386.162143 24.291878
1403715386.212143 18.655022
1403715386.262143 23.887325
1403715386.312143 25.286630
1403715386.362143 23.132279
1403715386.412143 25.646597
1403715386.462143 23.281321
1403715386.512143 22.373818
1403715386.562143 23.496859
1403715386.612143 26.347865
1403715386.662143 23.811648
1403715386.712143 25.191522
1403715386.762143 25.500992
1403715386.812143 24.422581
1403715386.862143 24.021394
1403715386.912143 21.128848
1403715386.962143 30.067077
1403715387.012143 20.161562
1403715387.062143 19.785757
1403715387.112143 34.082310
1403715387.162143 32.706049
1403715387.212143 28.325417
1403715387.262143 23.059797
1403715387.312143 29.092638
1403715387.362143 29.872934
1403715387.412143 25.052858
1403715387.462143 23.843065
1403715387.512143 24.157460
1403715387.562143 25.982599
1403715387.612143 24.834335
1403715387.662143 24.224104
1403715387.712143 26.314800
1403715387.762143 32.332525
1403715387.812143 32.354743
1403715387.862143 23.736686
1403715387.912143 27.360732
1403715387.962143 25.895087
1403715388.012143 24.742880
1403715388.062143 25.737683
1403715388.112143 24.293180
1403715388.162143 23.819434
1403715388.212143 24.510444
1403715388.262143 24.284324
1403715388.312143 26.461049
1403715388.362143 24.574753
1403715388.412143 25.389591
1403715388.462143 23.502593
1403715388.512143 25.088410
1403715388.562143 25.903437
1403715388.612143 17.363403
1403715388.662143 24.458189
1403715388.712143 24.401362
1403715388.762143 25.187329
1403715388.812143 30.780530
1403715388.862143 26.415055
1403715388.912143 24.732073
1403715388.962143 32.857475
1403715389.012143 33.141575
1403715389.062143 35.351669
1403715389.112143 26.601776
1403715389.162143 30.470886
1403715389.212143 32.051194
1403715389.262143 24.029484
1403715389.312143 25.988737
1403715389.362143 25.794614
1403715389.412143 26.245410
1403715389.462143 24.697573
1403715389.512143 24.139354
1403715389.562143 26.752987
1403715389.612143 40.638413
1403715389.662143 46.029764
1403715389.712143 29.988166
1403715389.762143 28.532511
1403715389.812143 25.932047
1403715389.862143 23.024058
1403715389.912143 22.237676
1403715389.962143 23.132316
1403715390.012143 23.731110
1403715390.062143 23.544696
1403715390.112143 24.799369
1403715390.162143 23.373777
1403715390.212143 24.719924
1403715390.262143 23.765908
1403715390.312143 23.570444
1403715390.362143 23.948293
1403715390.412143 28.713482
1403715390.462143 23.771186
1403715390.512143 23.841700
1403715390.562143 27.199467
1403715390.612143 25.285498
1403715390.662143 22.893534
1403715390.712143 24.903473
1403715390.762143 24.593413
1403715390.812143 25.245744
1403715390.862143 23.831550
1403715390.912143 24.571269
1403715390.962143 25.040230
1403715391.012143 26.677991
1403715391.062143 29.735334
1403715391.112143 31.388412
1403715391.162143 30.612841
1403715391.212143 25.685956
1403715391.262143 32.160341
1403715391.312143 32.353732
1403715391.362143 24.055814
1403715391.412143 23.649252
1403715391.462143 24.487718
1403715391.512143 25.519031
1403715391.562143 31.823466
1403715391.612143 30.386462
1403715391.662143 31.770592
1403715391.712143 23.054982
1403715391.762143 24.973947
1403715391.812143 23.458736
1403715391.862143 31.275244
1403715391.912143 25.514762
1403715391.962143 24.581674
1403715392.012143 24.284984
1403715392.062143 24.677269
1403715392.112143 25.161145
1403715392.162143 24.500613
1403715392.212143 25.852754
1403715392.262143 24.133659
1403715392.312143 24.516492
1403715392.362143 32.628274
1403715392.412143 32.884745
1403715392.462143 33.326112
1403715392.512143 24.371537
1403715392.562143 31.517651
1403715392.612143 30.491742
1403715392.662143 30.563999
1403715392.712143 29.773671
1403715392.762143 33.023148
1403715392.812143 26.828648
1403715392.862143 23.625351
1403715392.912143 24.940209
1403715392.962143 24.780831
1403715393.012143 26.196007
1403715393.062143 24.453839
1403715393.112143 27.842024
1403715393.162143 35.107391
1403715393.212143 35.940777
1403715393.262143 43.244912
1403715393.312143 25.975504
1403715393.362143 24.427493
1403715393.412143 25.217823
1403715393.462143 23.669343
1403715393.512143 23.980638
1403715393.562143 23.391080
1403715393.612143 24.932098
1403715393.662143 23.713714
1403715393.712143 25.848133
1403715393.762143 25.503411
1403715393.812143 27.705263
1403715393.862143 32.653701
1403715393.912143 29.550534
1403715393.962143 28.968576
1403715394.012143 22.418151
1403715394.062143 23.370231
1403715394.112143 28.508419
1403715394.162143 23.452323
1403715394.212143 24.761755
1403715394.262143 30.425552
1403715394.312143 25.147050
1403715394.362143 24.160241
1403715394.412143 25.435209
1403715394.462143 23.744965
1403715394.512143 24.873788
1403715394.562143 25.067288
1403715394.612143 24.273354
1403715394.662143 31.721333
1403715394.712143 30.119494
1403715394.762143 31.410301
1403715394.812143 25.751327
1403715394.862143 24.086472
1403715394.912143 25.672294
1403715394.962143 23.926055
1403715395.012143 23.361932
1403715395.062143 24.320344
1403715395.112143 25.619534
1403715395.162143 26.959420
1403715395.212143 24.589532
1403715395.262143 23.898450
1403715395.312143 30.828037
1403715395.362143 31.662412
1403715395.412143 18.387823
1403715395.462143 30.712748
1403715395.512143 24.424422
1403715395.562143 23.781053
1403715395.612143 25.791232
1403715395.662143 24.452797
1403715395.712143 24.688887
1403715395.762143 31.369393
1403715395.812143 31.945346
1403715395.862143 31.734215
1403715395.912143 31.175283
1403715395.962143 27.407242
1403715396.012143 24.839305
1403715396.062143 23.767030
1403715396.112143 23.250403
1403715396.162143 23.504797
1403715396.212143 25.572823
1403715396.262143 31.169760
1403715396.312143 29.699998
1403715396.362143 30.878222
1403715396.412143 21.922087
1403715396.462143 23.752259
1403715396.512143 22.967508
1403715396.562143 24.465392
1403715396.612143 22.883907
1403715396.662143 22.872661
1403715396.712143 23.208027
1403715396.762143 39.126215
1403715396.812143 25.270277
1403715396.862143 34.965494
1403715396.912143 27.510061
1403715396.962143 24.253501
1403715397.012143 25.561964
1403715397.062143 31.688918
1403715397.112143 26.065051
1403715397.162143 23.458673
1403715397.212143 23.622892
1403715397.262143 22.694873
1403715397.312143 22.978942
1403715397.362143 23.279965
1403715397.412143 25.151274
1403715397.462143 24.798956
1403715397.512143 25.267599
1403715397.562143 31.400507
1403715397.612143 24.555491
1403715397.662143 30.077554
1403715397.712143 25.545841
1403715397.762143 24.550697
1403715397.812143 22.367824
1403715397.862143 24.691594
1403715397.912143 23.575846
1403715397.962143 24.032411
1403715398.012143 24.027065
1403715398.062143 24.519495
1403715398.112143 24.099389
1403715398.162143 23.733470
1403715398.212143 24.652120
1403715398.262143 23.513826
1403715398.312143 25.367237
1403715398.362143 27.516195
1403715398.412143 27.439844
1403715398.462143 16.457897
1403715398.512143 16.752097
1403715398.562143 26.606198
1403715398.612143 24.929807
1403715398.662143 23.929445
1403715398.712143 24.781743
1403715398.762143 30.888520
1403715398.812143 25.818736
1403715398.862143 30.822226
1403715398.912143 26.527274
1403715398.962143 15.905768
1403715399.012143 24.876817
1403715399.062143 16.960700
1403715399.112143 18.173511
1403715399.162143 23.731014
1403715399.212143 23.159839
1403715399.262143 23.573864
1403715399.312143 23.489640
1403715399.362143 22.407485
1403715399.412143 25.737050
1403715399.462143 22.803173
1403715399.512143 24.864744
1403715399.562143 23.629111
1403715399.612143 25.001880
1403715399.662143 28.435078
1403715399.712143 32.331005
1403715399.762143 31.915514
1403715399.812143 25.691555
1403715399.862143 31.231554
1403715399.912143 31.775188
1403715399.962143 23.819901
1403715400.012143 24.605800
1403715400.062143 25.152922
1403715400.112143 24.205643
1403715400.162143 30.949759
1403715400.212143 28.491193
1403715400.262143 31.130795
1403715400.312143 24.254072
1403715400.362143 30.310733
1403715400.412143 27.396371
1403715400.462143 36.706270
1403715400.512143 32.543117
1403715400.562143 27.510900
1403715400.612143 31.153700
1403715400.662143 29.838039
1403715400.712143 31.716165
1403715400.762143 30.292736
1403715400.812143 33.038069
1403715400.862143 29.270480
1403715400.912143 27.199476
1403715400.962143 28.003139
1403715401.012143 27.112207
1403715401.062143 23.959771
1403715401.112143 23.649236
1403715401.162143 24.193142
1403715401.212143 24.253452
1403715401.262143 25.600455
1403715401.312143 24.723859
1403715401.362143 26.148048
1403715401.412143 22.840262
1403715401.462143 30.285531
1403715401.512143 31.107498
1403715401.562143 30.137197
1403715401.612143 25.642471
1403715401.662143 23.143505
1403715401.712143 23.452968
1403715401.762143 31.677546
1403715401.812143 23.519301
1403715401.862143 24.272094
1403715401.912143 22.325495
1403715401.962143 24.773913
1403715402.012143 23.135431
1403715402.062143 22.759742
1403715402.112143 23.467078
1403715402.162143 24.239824
1403715402.212143 25.415146
1403715402.262143 23.457808
1403715402.312143 22.901738
1403715402.362143 23.351487
1403715402.412143 24.500752
1403715402.462143 23.699089
1403715402.512143 22.433408
1403715402.562143 22.764553
1403715402.612143 23.767844
1403715402.662143 24.206981
1403715402.712143 24.350099
1403715402.762143 23.969841
1403715402.812143 26.208450
1403715402.862143 23.165791
1403715402.912143 22.356037
1403715402.962143 24.507715
1403715403.012143 24.026440
1403715403.062143 24.949079
1403715403.112143 24.661304
1403715403.162143 24.510074
1403715403.212143 23.956756
1403715403.262143 23.261906
1403715403.312143 23.577660
1403715403.362143 23.710351
1403715403.412143 23.908158
1403715403.462143 22.461509
1403715403.512143 24.044484
1403715403.562143 23.521512
1403715403.612143 26.055917
1403715403.662143 23.280840
1403715403.712143 24.732313
1403715403.762143 26.238800
1403715403.812143 29.154636
1403715403.862143 25.074890
1403715403.912143 23.644641
1403715403.962143 27.465068
1403715404.012143 23.298547
1403715404.062143 28.212011
1403715404.112143 25.562627
1403715404.162143 23.818669
1403715404.212143 24.267119
1403715404.262143 35.318982
1403715404.312143 33.280063
1403715404.362143 33.426615
1403715404.412143 28.677116
1403715404.462143 23.583530
1403715404.512143 23.980899
1403715404.562143 23.245884
1403715404.612143 24.387587
1403715404.662143 22.678513
1403715404.712143 24.962471
1403715404.762143 24.693649
1403715404.812143 25.234889
1403715404.862143 22.981792
1403715404.912143 23.188859
1403715404.962143 23.473033
1403715405.012143 24.605294
1403715405.062143 23.745949
1403715405.112143 21.496792
1403715405.162143 22.733209
1403715405.212143 25.642290
1403715405.262143 23.722744
1403715405.312143 25.701625
1403715405.362143 23.682211
1403715405.412143 24.431644
1403715405.462143 23.810075
1403715405.512143 23.389475
1403715405.562143 22.545783
1403715405.612143 23.596378
1403715405.662143 30.692518
1403715405.712143 27.775888
1403715405.762143 30.537479
1403715405.812143 25.863239
1403715405.862143 31.070822
1403715405.912143 29.629171
1403715405.962143 23.750075
1403715406.012143 25.572085
1403715406.062143 24.088775
1403715406.112143 24.430252
1403715406.162143 24.292732
1403715406.212143 24.279136
1403715406.262143 29.844657
1403715406.312143 23.808460
1403715406.362143 24.680506
1403715406.412143 24.009504
1403715406.462143 24.643981
1403715406.512143 25.117043
1403715406.562143 24.187946
1403715406.612143 25.015387
1403715406.662143 26.619675
1403715406.712143 26.538895
1403715406.762143 23.529227
1403715406.812143 24.486161
1403715406.862143 32.019736
1403715406.912143 25.509915
1403715406.962143 24.152808
1403715407.012143 23.909309
1403715407.062143 23.899170
1403715407.112143 24.719798
1403715407.162143 25.670061
1403715407.212143 25.465495
1403715407.262143 24.755889
1403715407.312143 24.692262
1403715407.362143 25.167629
1403715407.412143 24.443525
1403715407.462143 24.638527
1403715407.512143 24.625702
1403715407.562143 24.910071
1403715407.612143 25.346754
1403715407.662143 26.252582
1403715407.712143 26.876498
1403715407.762143 35.106106
1403715407.812143 28.695809
1403715407.862143 32.956887
1403715407.912143 24.370544
1403715407.962143 39.878869
1403715408.012143 39.146105
1403715408.062143 34.861873
1403715408.112143 33.477070
1403715408.162143 35.626769
1403715408.212143 25.796486
1403715408.262143 25.681048
1403715408.312143 23.312958
1403715408.362143 24.544870
1403715408.412143 23.771560
1403715408.462143 24.638677
1403715408.512143 24.802731
1403715408.562143 23.994122
1403715408.612143 24.175368
1403715408.662143 24.037900
1403715408.712143 24.635725
1403715408.762143 24.196105
1403715408.812143 24.365647
1403715408.862143 23.943404
1403715408.912143 25.638520
1403715408.962143 26.363353
1403715409.012143 25.790373
1403715409.062143 25.331719
1403715409.112143 26.326573
1403715409.162143 26.534916
1403715409.212143 25.380074
1403715409.262143 25.135362
1403715409.312143 27.119168
1403715409.362143 34.139318
1403715409.412143 31.074196
1403715409.462143 32.773856
1403715409.512143 30.232442
1403715409.562143 31.849155
1403715409.612143 26.024730
1403715409.662143 24.280242
1403715409.712143 25.922493
1403715409.762143 24.784929
1403715409.812143 25.462803
1403715409.862143 23.370922
1403715409.912143 24.342620
1403715409.962143 25.129863
1403715410.012143 25.848537
1403715410.062143 24.326622
1403715410.112143 26.592624
1403715410.162143 25.339739
1403715410.212143 25.515588
1403715410.262143 23.278300
1403715410.312143 22.534445
1403715410.362143 23.280099
1403715410.412143 24.996016
1403715410.462143 23.843445
1403715410.512143 23.390453
1403715410.562143 23.280328
1403715410.612143 23.377676
1403715410.662143 23.582094
1403715410.712143 22.960206
1403715410.762143 23.405455
1403715410.812143 21.948046
1403715410.862143 23.637464
1403715410.912143 29.375911
1403715410.962143 23.035867
1403715411.012143 25.528906
1403715411.062143 23.216387
1403715411.112143 24.640158
1403715411.162143 24.742384
1403715411.212143 25.271191
1403715411.262143 24.791315
1403715411.312143 24.300744
1403715411.362143 25.439515
1403715411.412143 25.308939
1403715411.462143 23.678867
1403715411.512143 24.711938
1403715411.562143 25.967567
1403715411.612143 31.193503
1403715411.662143 35.261851
1403715411.712143 33.330307
1403715411.762143 30.519278
1403715411.812143 29.724981
1403715411.862143 17.568226
1403715411.912143 24.608312
1403715411.962143 15.330348
1403715412.012143 25.704822
1403715412.062143 30.771044
1403715412.112143 23.517640
1403715412.162143 22.761088
1403715412.212143 22.608315
1403715412.262143 22.278643
1403715412.312143 26.380481
1403715412.362143 24.827864
1403715412.412143 24.352695
1403715412.462143 23.972258
1403715412.512143 23.666555
1403715412.562143 30.605756
1403715412.612143 27.702674
1403715412.662143 32.352456
1403715412.712143 24.927220
1403715412.762143 23.942523
1403715412.812143 25.905329
1403715412.862143 24.891374
1403715412.912143 24.250962
1403715412.962143 23.769754
1403715413.012143 23.170808
1403715413.062143 24.860145
1403715413.112143 24.709076
1403715413.162143 25.098134
1403715413.212143 27.333434
1403715413.262143 24.495655
1403715413.312143 23.836026
1403715413.362143 24.548810
1403715413.412143 24.747369
1403715413.462143 24.379318
1403715413.512143 24.698269
1403715413.562143 25.742791
1403715413.612143 25.133635
1403715413.662143 26.452041
1403715413.712143 26.054338
1403715413.762143 29.300109
1403715413.812143 25.193281
1403715413.862143 25.877273
1403715413.912143 26.741410
1403715413.962143 28.678609
1403715414.012143 28.397493
1403715414.062143 28.183774
1403715414.112143 29.916186
1403715414.162143 28.089121
1403715414.212143 25.474036
1403715414.262143 35.357891
1403715414.312143 31.719507
1403715414.362143 35.181448
1403715414.412143 35.192361
1403715414.462143 34.475251
1403715414.512143 26.799982
1403715414.562143 28.384151
1403715414.612143 26.090035
1403715414.662143 25.880638
1403715414.712143 24.143400
1403715414.762143 27.502746
1403715414.812143 26.502143
1403715414.862143 27.007120
1403715414.912143 27.798502
1403715414.962143 29.701103
1403715415.012143 30.750705
1403715415.062143 29.679310
1403715415.112143 28.046362
1403715415.162143 30.094888
1403715415.212143 31.395512
1403715415.262143 43.772749
1403715415.312143 37.606613
1403715415.362143 40.948305
1403715415.412143 30.790781
1403715415.462143 30.371667
1403715415.512143 27.952218
1403715415.562143 28.128958
1403715415.612143 27.080210
1403715415.662143 29.625177
1403715415.712143 29.072921
1403715415.762143 29.458607
1403715415.812143 28.665486
1403715415.862143 29.413506
1403715415.912143 19.102466
1403715415.962143 27.671456
1403715416.012143 17.855987
1403715416.062143 20.076475
1403715416.112143 19.131294
1403715416.162143 19.990162
1403715416.212143 27.976204
1403715416.262143 19.843137
1403715416.312143 29.989377
1403715416.362143 33.318539
1403715416.412143 18.765119
1403715416.462143 18.898744
1403715416.512143 17.818925
1403715416.562143 19.227947
1403715416.612143 18.646445
1403715416.662143 18.637639
1403715416.712143 18.488841
1403715416.762143 26.972266
1403715416.812143 18.100610
1403715416.862143 19.224180
1403715416.912143 17.911534
1403715416.962143 19.106445
1403715417.012143 18.033579
1403715417.062143 19.398437
1403715417.112143 17.553779
1403715417.162143 19.567620
1403715417.212143 18.431479
1403715417.262143 19.971666
1403715417.312143 17.533882
1403715417.362143 19.569446
1403715417.412143 19.541729
1403715417.462143 18.234917
1403715417.512143 20.604341
1403715417.562143 19.222714
1403715417.612143 17.716907
1403715417.662143 20.075695
1403715417.712143 18.967769
1403715417.762143 19.232628
1403715417.812143 17.737839
1403715417.862143 19.146672
1403715417.912143 18.843906
1403715417.962143 23.225565
1403715418.012143 19.386852
1403715418.062143 19.044248
1403715418.112143 17.870879
1403715418.162143 19.111619
1403715418.212143 17.618713
1403715418.262143 24.143433
1403715418.312143 18.382814
1403715418.362143 22.735524
1403715418.412143 17.625142
1403715418.462143 19.503314
1403715418.512143 26.455719
1403715418.562143 27.111393
1403715418.612143 26.939401
1403715418.662143 19.304902
1403715418.712143 20.295569
1403715418.762143 18.957655
1403715418.812143 18.239756
