1403636858.651666 89.621021
1403636858.701667 28.685026
1403636858.751667 32.373753
1403636858.801666 24.003574
1403636858.851666 28.111264
1403636858.901666 25.574730
1403636858.951667 24.585526
1403636859.001667 26.952290
1403636859.051666 25.541255
1403636859.101666 24.288612
1403636859.151666 23.508901
1403636859.201667 23.903635
1403636859.251667 24.969559
1403636859.301666 24.772436
1403636859.351666 24.718989
1403636859.401666 24.747327
1403636859.451667 26.680629
1403636859.501667 24.251239
1403636859.551666 24.640491
1403636859.601666 23.975547
1403636859.651666 24.039696
1403636859.701667 22.763792
1403636859.751667 24.534066
1403636859.801666 24.812734
1403636859.851666 24.957074
1403636859.901666 25.398692
1403636859.951667 24.012807
1403636860.001667 25.287949
1403636860.051666 23.494470
1403636860.101666 14.550790
1403636860.151666 23.030714
1403636860.201667 23.326278
1403636860.251667 23.650876
1403636860.301666 26.676383
1403636860.351666 25.333913
1403636860.401666 24.885437
1403636860.451667 24.401426
1403636860.501667 29.386070
1403636860.551666 29.224045
1403636860.601666 26.070606
1403636860.651666 26.280760
1403636860.701667 30.023221
1403636860.751667 33.969474
1403636860.801666 30.753968
1403636860.851666 35.340813
1403636860.901666 28.234083
1403636860.951667 27.509648
1403636861.001667 24.732304
1403636861.051666 25.376389
1403636861.101666 23.965677
1403636861.151666 23.795240
1403636861.201667 23.931511
1403636861.251667 26.854183
1403636861.301666 24.433908
1403636861.351666 25.682745
1403636861.401666 23.782965
1403636861.451667 25.255123
1403636861.501667 25.690350
1403636861.551666 25.877959
1403636861.601666 24.478831
1403636861.651666 25.151569
1403636861.701667 25.112229
1403636861.751667 23.679810
1403636861.801666 24.445122
1403636861.851666 25.694377
1403636861.901666 25.583571
1403636861.951667 25.077661
1403636862.001667 25.102873
1403636862.051666 27.643647
1403636862.101666 26.304895
1403636862.151666 26.912314
1403636862.201667 26.546311
1403636862.251667 28.619959
1403636862.301666 26.464228
1403636862.351666 27.979101
1403636862.401666 25.491008
1403636862.451667 27.710934
1403636862.501667 27.201150
1403636862.551666 26.311571
1403636862.601666 24.720459
1403636862.651666 26.740750
1403636862.701667 25.371509
1403636862.751667 25.588310
1403636862.801666 24.757337
1403636862.851666 25.647459
1403636862.901666 25.147355
1403636862.951667 24.819101
1403636863.001667 23.253018
1403636863.051666 25.234677
1403636863.101666 24.784904
1403636863.151666 19.822437
1403636863.201667 32.668879
1403636863.251667 31.091100
1403636863.301666 28.340452
1403636863.351666 25.220438
1403636863.401666 24.556114
1403636863.451667 25.430555
1403636863.501667 25.817395
1403636863.551666 25.209814
1403636863.601666 27.884988
1403636863.651666 26.389958
1403636863.701667 27.672160
1403636863.751667 27.817784
1403636863.801666 29.590569
1403636863.851666 28.847586
1403636863.901666 28.759362
1403636863.951667 30.096327
1403636864.001667 26.518081
1403636864.051666 28.831618
1403636864.101666 26.984096
1403636864.151666 25.174979
1403636864.201667 29.020686
1403636864.251667 25.847537
1403636864.301666 25.255217
1403636864.351666 25.068745
1403636864.401666 32.697318
1403636864.451667 34.053955
1403636864.501667 31.949479
1403636864.551666 33.541118
1403636864.601666 32.236158
1403636864.651666 26.614616
1403636864.701667 20.210533
1403636864.751667 23.107722
1403636864.801666 26.337008
1403636864.851666 23.224393
1403636864.901666 25.932425
1403636864.951667 26.573844
1403636865.001667 26.861520
1403636865.051666 27.670301
1403636865.101666 24.827262
1403636865.151666 25.168190
1403636865.201667 25.805512
1403636865.251667 27.617046
1403636865.301666 27.482223
1403636865.351666 26.124679
1403636865.401666 26.424792
1403636865.451667 27.545848
1403636865.501667 34.680443
1403636865.551666 32.793619
1403636865.601666 34.030988
1403636865.651666 30.802327
1403636865.701667 27.735490
1403636865.751667 24.871045
1403636865.801666 24.494320
1403636865.851666 25.629917
1403636865.901666 26.088537
1403636865.951667 24.524768
1403636866.001667 25.012847
1403636866.051666 25.241868
1403636866.101666 24.120675
1403636866.151666 25.428715
1403636866.201667 24.661022
1403636866.251667 31.509268
1403636866.301666 27.640658
1403636866.351666 31.744243
1403636866.401666 28.395441
1403636866.451667 25.160544
1403636866.501667 25.112654
1403636866.551666 23.930254
1403636866.601666 27.385328
1403636866.651666 24.934152
1403636866.701667 27.247796
1403636866.751667 25.431497
1403636866.801666 33.595511
1403636866.851666 27.479803
1403636866.901666 25.884327
1403636866.951667 26.131855
1403636867.001667 26.112232
1403636867.051666 27.489104
1403636867.101666 29.141030
1403636867.151666 25.672280
1403636867.201667 30.348349
1403636867.251667 26.819139
1403636867.301666 26.445577
1403636867.351666 25.218423
1403636867.401666 27.209872
1403636867.451667 28.204059
1403636867.501667 28.127224
1403636867.551666 27.465216
1403636867.601666 24.960663
1403636867.651666 31.133891
1403636867.701667 26.974811
1403636867.751667 34.706829
1403636867.801666 28.709454
1403636867.851666 28.999921
1403636867.901666 26.553573
1403636867.951667 25.786274
1403636868.001667 29.373011
1403636868.051666 25.897463
1403636868.101666 29.668481
1403636868.151666 27.835390
1403636868.201667 25.418294
1403636868.251667 26.331417
1403636868.301666 25.537125
1403636868.351666 28.857091
1403636868.401666 29.525107
1403636868.451667 27.093800
1403636868.501667 27.955174
1403636868.551666 27.942538
1403636868.601666 26.495515
1403636868.651666 28.448410
1403636868.701667 26.582468
1403636868.751667 27.494417
1403636868.801666 27.475644
1403636868.851666 28.303618
1403636868.901666 26.558657
1403636868.951667 28.296140
1403636869.001667 28.115276
1403636869.051666 26.541483
1403636869.101666 27.593353
1403636869.151666 27.653727
1403636869.201667 26.759469
1403636869.251667 25.577007
1403636869.301666 27.412762
1403636869.351666 27.935584
1403636869.401666 17.934393
1403636869.451667 18.838976
1403636869.501667 29.831689
1403636869.551666 29.119860
1403636869.601666 27.621252
1403636869.651666 27.456074
1403636869.701667 28.798327
1403636869.751667 27.934098
1403636869.801666 26.864953
1403636869.851666 25.749116
1403636869.901666 26.569205
1403636869.951667 27.387817
1403636870.001667 28.147092
1403636870.051666 27.803311
1403636870.101666 35.605805
1403636870.151666 29.616079
1403636870.201667 28.452913
1403636870.251667 35.087906
1403636870.301666 31.712142
1403636870.351666 33.071245
1403636870.401666 26.344066
1403636870.451667 27.364133
1403636870.501667 28.396872
1403636870.551666 28.010684
1403636870.601666 29.388254
1403636870.651666 28.447614
1403636870.701667 33.110826
1403636870.751667 31.249599
1403636870.801666 26.903393
1403636870.851666 27.693020
1403636870.901666 27.736661
1403636870.951667 26.526701
1403636871.001667 28.799236
1403636871.051666 27.300874
1403636871.101666 27.921138
1403636871.151666 28.885873
1403636871.201667 25.615858
1403636871.251667 26.832516
1403636871.301666 17.678702
1403636871.351666 25.504090
1403636871.401666 26.563900
1403636871.451667 28.342916
1403636871.501667 27.106380
1403636871.551666 29.654143
1403636871.601666 27.077746
1403636871.651666 25.505401
1403636871.701667 29.927852
1403636871.751667 27.834008
1403636871.801666 28.699683
1403636871.851666 27.346346
1403636871.901666 28.739039
1403636871.951667 27.980949
1403636872.001667 25.866113
1403636872.051666 25.263637
1403636872.101666 25.211381
1403636872.151666 25.189980
1403636872.201667 26.714336
1403636872.251667 26.253900
1403636872.301666 26.423166
1403636872.351666 27.330723
1403636872.401666 28.136756
1403636872.451667 26.012726
1403636872.501667 31.958948
1403636872.551666 26.975522
1403636872.601666 17.607251
1403636872.651666 34.464395
1403636872.701667 18.929335
1403636872.751667 29.030808
1403636872.801666 27.264328
1403636872.851666 28.136028
1403636872.901666 28.401086
1403636872.951667 28.358641
1403636873.001667 28.455450
1403636873.051666 28.726867
1403636873.101666 29.252526
1403636873.151666 34.786684
1403636873.201667 29.737700
1403636873.251667 30.629025
1403636873.301666 28.574131
1403636873.351666 28.714782
1403636873.401666 28.685449
1403636873.451667 30.321977
1403636873.501667 30.656103
1403636873.551666 28.939549
1403636873.601666 31.324173
1403636873.651666 29.961100
1403636873.701667 33.387721
1403636873.751667 28.218697
1403636873.801666 26.998864
1403636873.851666 27.684266
1403636873.901666 25.960532
1403636873.951667 26.809402
1403636874.001667 26.527555
1403636874.051666 18.022794
1403636874.101666 26.918536
1403636874.151666 28.044668
1403636874.201667 29.589623
1403636874.251667 25.793014
1403636874.301666 26.047868
1403636874.351666 28.013139
1403636874.401666 29.077674
1403636874.451667 26.683144
1403636874.501667 28.136476
1403636874.551666 28.070253
1403636874.601666 27.572473
1403636874.651666 28.924325
1403636874.701667 27.685410
1403636874.751667 27.542673
1403636874.801666 26.786238
1403636874.851666 27.444436
1403636874.901666 29.739958
1403636874.951667 35.629765
1403636875.001667 26.477737
1403636875.051666 27.087481
1403636875.101666 27.382781
1403636875.151666 25.520850
1403636875.201667 25.726076
1403636875.251667 28.014054
1403636875.301666 27.478029
1403636875.351666 27.884517
1403636875.401666 26.437848
1403636875.451667 27.558701
1403636875.501667 27.517519
1403636875.551666 27.910389
1403636875.601666 28.271354
1403636875.651666 27.710212
1403636875.701667 29.325196
1403636875.751667 30.159088
1403636875.801666 26.923782
1403636875.851666 30.462736
1403636875.901666 29.806260
1403636875.951667 32.066332
1403636876.001667 29.664725
1403636876.051666 29.512993
1403636876.101666 29.904710
1403636876.151666 28.032512
1403636876.201667 29.045462
1403636876.251667 30.000275
1403636876.301666 31.669661
1403636876.351666 26.581291
1403636876.401666 27.451996
1403636876.451667 27.962352
1403636876.501667 30.424343
1403636876.551666 25.796141
1403636876.601666 27.625570
1403636876.651666 26.788946
1403636876.701667 26.717042
1403636876.751667 25.367436
1403636876.801666 26.337684
1403636876.851666 26.625820
1403636876.901666 26.191116
1403636876.951667 25.143610
1403636877.001667 27.775247
1403636877.051666 27.585835
1403636877.101666 27.903350
1403636877.151666 27.016790
1403636877.201667 25.854508
1403636877.251667 28.039910
1403636877.301666 31.322728
1403636877.351666 27.223020
1403636877.401666 26.445723
1403636877.451667 27.066724
1403636877.501667 26.103646
1403636877.551666 27.191876
1403636877.601666 26.424478
1403636877.651666 26.395562
1403636877.701667 27.072599
1403636877.751667 28.261572
1403636877.801666 35.221068
1403636877.851666 27.795570
1403636877.901666 27.305160
1403636877.951667 27.506448
1403636878.001667 27.564927
1403636878.051666 28.428915
1403636878.101666 28.846135
1403636878.151666 29.509051
1403636878.201667 46.072548
1403636878.251667 29.660155
1403636878.301666 28.475093
1403636878.351666 26.691431
1403636878.401666 26.746291
1403636878.451667 35.143966
1403636878.501667 28.381031
1403636878.551666 37.310520
1403636878.601666 30.482731
1403636878.651666 27.901714
1403636878.701667 26.998262
1403636878.751667 28.711428
1403636878.801666 27.663749
1403636878.851666 35.478436
1403636878.901666 27.369012
1403636878.951667 28.851245
1403636879.001667 27.918887
1403636879.051666 27.312799
1403636879.101666 28.112885
1403636879.151666 28.520165
1403636879.201667 25.479260
1403636879.251667 25.436312
1403636879.301666 30.358064
1403636879.351666 33.834604
1403636879.401666 25.829097
1403636879.451667 31.341154
1403636879.501667 27.572617
1403636879.551666 27.205926
1403636879.601666 25.756874
1403636879.651666 28.118211
1403636879.701667 34.952765
1403636879.751667 27.752574
1403636879.801666 27.254008
1403636879.851666 34.171198
1403636879.901666 29.097739
1403636879.951667 27.581834
1403636880.001667 29.094997
1403636880.051666 26.574374
1403636880.101666 26.044708
1403636880.151666 24.827630
1403636880.201667 27.852454
1403636880.251667 24.701412
1403636880.301666 27.437620
1403636880.351666 27.442498
1403636880.401666 27.737161
1403636880.451667 27.492173
1403636880.501667 26.808934
1403636880.551666 29.405852
1403636880.601666 28.154155
1403636880.651666 28.080788
1403636880.701667 28.395799
1403636880.751667 29.847134
1403636880.801666 26.638669
1403636880.851666 29.250025
1403636880.901666 28.696610
1403636880.951667 25.325334
1403636881.001667 28.451888
1403636881.051666 28.081787
1403636881.101666 27.453793
1403636881.151666 26.558870
1403636881.201667 23.590569
1403636881.251667 24.406028
1403636881.301666 26.344662
1403636881.351666 28.160320
1403636881.401666 27.124567
1403636881.451667 26.410751
1403636881.501667 27.241282
1403636881.551666 33.684893
1403636881.601666 29.888877
1403636881.651666 34.574522
1403636881.701667 27.279934
1403636881.751667 26.939058
1403636881.801666 27.627600
1403636881.851666 26.632017
1403636881.901666 27.220502
1403636881.951667 26.442684
1403636882.001667 26.654352
1403636882.051666 27.742418
1403636882.101666 27.530172
1403636882.151666 28.442438
1403636882.201667 27.688186
1403636882.251667 32.984598
1403636882.301666 28.127410
1403636882.351666 28.341531
1403636882.401666 27.316439
1403636882.451667 29.988076
1403636882.501667 28.516344
1403636882.551666 35.021120
1403636882.601666 30.216431
1403636882.651666 29.453813
1403636882.701667 28.358041
1403636882.751667 30.505657
1403636882.801666 27.691839
1403636882.851666 34.199852
1403636882.901666 35.466780
1403636882.951667 35.985895
1403636883.001667 26.599019
1403636883.051666 38.212001
1403636883.101666 27.273494
1403636883.151666 29.132871
1403636883.201667 27.837463
1403636883.251667 35.635046
1403636883.301666 29.747315
1403636883.351666 35.601207
1403636883.401666 35.685300
1403636883.451667 31.890564
1403636883.501667 30.640603
1403636883.551666 28.932413
1403636883.601666 27.425220
1403636883.651666 27.956079
1403636883.701667 30.044745
1403636883.751667 30.361075
1403636883.801666 26.920311
1403636883.851666 30.066138
1403636883.901666 28.720532
1403636883.951667 26.964215
1403636884.001667 26.095844
1403636884.051666 26.665697
1403636884.101666 27.278752
1403636884.151666 27.258986
1403636884.201667 25.920352
1403636884.251667 18.860957
1403636884.301666 28.377045
1403636884.351666 20.913707
1403636884.401666 27.127942
1403636884.451667 27.523681
1403636884.501667 17.200988
1403636884.551666 19.778235
1403636884.601666 18.936677
1403636884.651666 27.763223
1403636884.701667 18.804100
1403636884.751667 33.905914
1403636884.801666 18.578216
1403636884.851666 18.616013
1403636884.901666 19.078636
1403636884.951667 19.004703
1403636885.001667 16.910239
1403636885.051666 18.380018
1403636885.101666 17.431394
1403636885.151666 17.754279
1403636885.201667 16.677884
1403636885.251667 16.728316
1403636885.301666 17.209422
1403636885.351666 18.144952
1403636885.401666 17.344495
1403636885.451667 16.106754
1403636885.501667 16.752640
1403636885.551666 17.283198
1403636885.601666 17.621279
1403636885.651666 18.224777
1403636885.701667 17.477614
1403636885.751667 15.529034
1403636885.801666 18.357018
1403636885.851666 17.959194
1403636885.901666 18.489676
1403636885.951667 17.674137
1403636886.001667 16.255606
1403636886.051666 16.493678
1403636886.101666 18.794122
1403636886.151666 18.133841
1403636886.201667 16.420978
1403636886.251667 18.213724
1403636886.301666 17.183938
1403636886.351666 17.944740
1403636886.401666 16.887514
1403636886.451667 17.613733
1403636886.501667 17.193841
1403636886.551666 17.892628
1403636886.601666 17.083480
1403636886.651666 18.386067
1403636886.701667 19.200047
1403636886.751667 18.519878
1403636886.801666 17.501615
1403636886.851666 17.449707
1403636886.901666 16.816383
1403636886.951667 18.471263
1403636887.001667 17.128171
1403636887.051666 16.848949
1403636887.101666 17.187349
1403636887.151666 17.312359
1403636887.201667 18.337736
1403636887.251667 17.065430
1403636887.301666 16.934580
1403636887.351666 17.933430
1403636887.401666 17.127367
1403636887.451667 17.106127
1403636887.501667 17.181315
1403636887.551666 17.351433
1403636887.601666 17.140542
1403636887.651666 17.592473
1403636887.701667 17.553979
1403636887.751667 17.824325
1403636887.801666 17.360589
1403636887.851666 18.450477
1403636887.901666 16.683929
1403636887.951667 17.977145
1403636888.001667 16.926242
1403636888.051666 17.162757
1403636888.101666 16.815024
1403636888.151666 16.924003
1403636888.201667 16.470727
1403636888.251667 17.527562
1403636888.301666 17.142922
1403636888.351666 18.023094
1403636888.401666 15.950511
1403636888.451667 17.687535
1403636888.501667 15.860594
1403636888.551666 17.453290
1403636888.601666 17.817989
1403636888.651666 25.261388
1403636888.701667 25.922211
1403636888.751667 17.345527
1403636888.801666 17.779536
1403636888.851666 21.890418
1403636888.901666 18.842492
1403636888.951667 26.079986
1403636889.001667 24.293069
1403636889.051666 17.787125
1403636889.101666 16.978545
1403636889.151666 17.963965
1403636889.201667 16.890750
1403636889.251667 17.816307
1403636889.301666 16.744740
1403636889.351666 19.000078
1403636889.401666 16.409939
1403636889.451667 17.599149
1403636889.501667 16.345209
1403636889.551666 18.501427
1403636889.601666 24.065979
1403636889.651666 25.572528
1403636889.701667 16.393577
1403636889.751667 18.278985
1403636889.801666 17.556648
1403636889.851666 18.649549
1403636889.901666 16.317540
1403636889.951667 17.308157
1403636890.001667 16.776016
1403636890.051666 17.853550
1403636890.101666 17.242120
1403636890.151666 26.260954
1403636890.201667 16.369058
1403636890.251667 17.187935
1403636890.301666 18.152486
1403636890.351666 17.366071
1403636890.401666 17.104655
1403636890.451667 17.212072
1403636890.501667 16.443814
1403636890.551666 19.266868
1403636890.601666 16.711558
1403636890.651666 26.559215
1403636890.701667 16.542997
1403636890.751667 17.806922
1403636890.801666 25.174030
1403636890.851666 25.149607
1403636890.901666 15.668491
1403636890.951667 17.363525
1403636891.001667 17.818622
1403636891.051666 18.039669
1403636891.101666 15.987552
1403636891.151666 16.556459
1403636891.201667 16.379864
1403636891.251667 21.493079
1403636891.301666 19.216643
1403636891.351666 17.092113
1403636891.401666 17.604482
1403636891.451667 18.768915
1403636891.501667 16.654646
1403636891.551666 16.942247
1403636891.601666 18.476071
1403636891.651666 17.390512
1403636891.701667 17.679123
1403636891.751667 18.097828
1403636891.801666 16.808879
1403636891.851666 17.830786
1403636891.901666 17.920314
1403636891.951667 17.449629
1403636892.001667 15.371625
1403636892.051666 17.994750
1403636892.101666 15.650487
1403636892.151666 17.710170
1403636892.201667 16.495574
1403636892.251667 17.736559
1403636892.301666 18.114633
1403636892.351666 18.780485
1403636892.401666 17.157253
1403636892.451667 17.744370
1403636892.501667 16.837143
1403636892.551666 16.606404
1403636892.601666 15.825700
1403636892.651666 17.595079
1403636892.701667 17.151281
1403636892.751667 18.732895
1403636892.801666 16.552707
1403636892.851666 16.939985
1403636892.901666 16.779872
1403636892.951667 17.222673
1403636893.001667 17.427322
1403636893.051666 18.833909
1403636893.101666 16.314200
1403636893.151666 17.573779
1403636893.201667 16.854597
1403636893.251667 19.885909
1403636893.301666 17.567559
1403636893.351666 17.332408
1403636893.401666 16.493346
1403636893.451667 20.813761
1403636893.501667 18.704153
1403636893.551666 17.461659
1403636893.601666 16.996513
1403636893.651666 17.401163
1403636893.701667 17.058502
1403636893.751667 15.937716
1403636893.801666 16.183478
1403636893.851666 18.011273
1403636893.901666 17.336685
1403636893.951667 17.322667
1403636894.001667 17.252857
1403636894.051666 21.892062
1403636894.101666 18.959766
1403636894.151666 16.901623
1403636894.201667 16.878779
1403636894.251667 17.422353
1403636894.301666 17.181149
1403636894.351666 18.811677
1403636894.401666 17.235764
1403636894.451667 17.321156
1403636894.501667 17.090401
1403636894.551666 17.301939
1403636894.601666 18.115856
1403636894.651666 18.060515
1403636894.701667 17.904083
1403636894.751667 17.352420
1403636894.801666 16.470240
1403636894.851666 19.831067
1403636894.901666 15.923936
1403636894.951667 17.355994
1403636895.001667 18.670380
1403636895.051666 18.262223
1403636895.101666 17.851309
1403636895.151666 17.977945
1403636895.201667 17.449267
1403636895.251667 17.227107
1403636895.301666 17.205288
1403636895.351666 18.043554
1403636895.401666 18.039113
1403636895.451667 17.815138
1403636895.501667 17.629561
1403636895.551666 18.032420
1403636895.601666 16.947160
1403636895.651666 17.068417
1403636895.701667 18.218683
1403636895.751667 17.719200
1403636895.801666 18.441422
1403636895.851666 31.887026
1403636895.901666 17.151905
1403636895.951667 17.529371
1403636896.001667 16.823190
1403636896.051666 17.803588
1403636896.101666 17.160204
1403636896.151666 17.578225
1403636896.201667 16.901505
1403636896.251667 17.719389
1403636896.301666 16.994077
1403636896.351666 17.711870
1403636896.401666 16.230500
1403636896.451667 17.852795
1403636896.501667 16.927662
1403636896.551666 17.071210
1403636896.601666 17.268364
1403636896.651666 17.449929
1403636896.701667 16.309580
1403636896.751667 17.909160
1403636896.801666 17.234271
1403636896.851666 18.009525
1403636896.901666 17.623881
1403636896.951667 17.092555
1403636897.001667 17.793494
1403636897.051666 25.491715
1403636897.101666 25.683486
1403636897.151666 26.669229
1403636897.201667 24.914377
1403636897.251667 17.216037
1403636897.301666 17.304118
1403636897.351666 24.555215
1403636897.401666 26.416007
1403636897.451667 26.825773
1403636897.501667 26.119727
1403636897.551666 25.803602
1403636897.601666 26.246314
1403636897.651666 26.398448
1403636897.701667 28.610297
1403636897.751667 27.718383
1403636897.801666 29.529126
1403636897.851666 28.240106
1403636897.901666 30.599769
1403636897.951667 28.133371
1403636898.001667 28.995408
1403636898.051666 27.398968
1403636898.101666 27.253098
1403636898.151666 28.553306
1403636898.201667 26.610340
1403636898.251667 27.866439
1403636898.301666 27.919086
1403636898.351666 26.009745
1403636898.401666 27.310418
1403636898.451667 28.022617
1403636898.501667 26.738312
1403636898.551666 26.908076
1403636898.601666 30.548934
1403636898.651666 26.591453
1403636898.701667 26.523790
1403636898.751667 26.961362
1403636898.801666 26.873143
1403636898.851666 27.059010
1403636898.901666 26.390300
1403636898.951667 26.700609
1403636899.001667 27.418596
1403636899.051666 33.045084
1403636899.101666 29.699957
1403636899.151666 30.072063
1403636899.201667 25.918492
1403636899.251667 27.113695
1403636899.301666 25.811209
1403636899.351666 25.718278
1403636899.401666 26.842206
1403636899.451667 33.418993
1403636899.501667 26.975448
1403636899.551666 25.608996
1403636899.601666 26.660279
1403636899.651666 25.279868
1403636899.701667 28.241479
1403636899.751667 26.033008
1403636899.801666 26.882647
1403636899.851666 25.599723
1403636899.901666 25.822165
1403636899.951667 25.237304
1403636900.001667 24.403336
1403636900.051666 27.845933
1403636900.101666 26.104922
1403636900.151666 26.666889
1403636900.201667 26.240083
1403636900.251667 24.886945
1403636900.301666 27.416305
1403636900.351666 23.932261
1403636900.401666 26.918466
1403636900.451667 28.015640
1403636900.501667 24.072288
1403636900.551666 25.401527
1403636900.601666 25.368383
1403636900.651666 25.136817
1403636900.701667 26.980550
1403636900.751667 33.548979
1403636900.801666 28.532922
1403636900.851666 24.378113
1403636900.901666 24.158163
1403636900.951667 24.455476
1403636901.001667 24.739690
1403636901.051666 24.844040
1403636901.101666 23.729593
1403636901.151666 24.283107
1403636901.201667 24.277254
1403636901.251667 25.006324
1403636901.301666 25.845884
1403636901.351666 24.051442
1403636901.401666 23.712306
1403636901.451667 25.280044
1403636901.501667 27.623966
1403636901.551666 25.176599
1403636901.601666 25.560059
1403636901.651666 23.744358
1403636901.701667 26.649485
1403636901.751667 30.823450
1403636901.801666 23.663674
1403636901.851666 24.166595
1403636901.901666 25.135208
1403636901.951667 23.652883
1403636902.001667 24.278891
1403636902.051666 24.860979
1403636902.101666 30.902018
1403636902.151666 31.413058
1403636902.201667 26.665137
1403636902.251667 24.859396
1403636902.301666 24.637195
1403636902.351666 22.921638
1403636902.401666 22.824268
1403636902.451667 24.075428
1403636902.501667 26.705563
1403636902.551666 24.340680
1403636902.601666 26.775475
1403636902.651666 30.611338
1403636902.701667 30.305864
1403636902.751667 31.727207
1403636902.801666 26.005834
1403636902.851666 23.726797
1403636902.901666 25.020460
1403636902.951667 24.874481
1403636903.001667 23.759645
1403636903.051666 24.568820
1403636903.101666 24.542391
1403636903.151666 26.804632
1403636903.201667 23.723640
1403636903.251667 23.594109
1403636903.301666 24.298073
1403636903.351666 25.017736
1403636903.401666 24.755008
1403636903.451667 23.768988
1403636903.501667 24.142686
1403636903.551666 15.506649
1403636903.601666 24.187172
1403636903.651666 22.662301
1403636903.701667 27.092211
1403636903.751667 23.990019
1403636903.801666 16.318923
1403636903.851666 24.793909
1403636903.901666 23.545452
1403636903.951667 24.623270
1403636904.001667 23.838835
1403636904.051666 23.624337
1403636904.101666 24.691010
1403636904.151666 22.184596
1403636904.201667 23.100720
1403636904.251667 24.586186
1403636904.301666 24.410520
1403636904.351666 24.413540
1403636904.401666 27.448564
1403636904.451667 24.812041
1403636904.501667 24.481085
1403636904.551666 35.236086
1403636904.601666 28.217143
1403636904.651666 31.127161
1403636904.701667 25.615983
1403636904.751667 25.001588
1403636904.801666 24.700605
1403636904.851666 23.693041
1403636904.901666 25.179974
1403636904.951667 25.092521
1403636905.001667 25.516759
1403636905.051666 24.400186
1403636905.101666 24.595122
1403636905.151666 26.913920
1403636905.201667 24.333851
1403636905.251667 27.759150
1403636905.301666 31.922980
1403636905.351666 30.857996
1403636905.401666 28.542794
1403636905.451667 24.620864
1403636905.501667 25.401540
1403636905.551666 24.796238
1403636905.601666 28.453210
1403636905.651666 23.207230
1403636905.701667 24.690305
1403636905.751667 23.547767
1403636905.801666 24.899430
1403636905.851666 16.008581
1403636905.901666 24.818593
1403636905.951667 24.343988
1403636906.001667 24.078851
1403636906.051666 16.099207
1403636906.101666 24.629044
1403636906.151666 18.510331
1403636906.201667 31.860281
1403636906.251667 31.096754
1403636906.301666 30.753417
1403636906.351666 25.076606
1403636906.401666 23.257878
1403636906.451667 30.277880
1403636906.501667 27.811858
1403636906.551666 15.410326
1403636906.601666 17.566452
1403636906.651666 24.868000
1403636906.701667 23.147389
1403636906.751667 24.724014
1403636906.801666 24.545008
1403636906.851666 22.846756
1403636906.901666 26.938343
1403636906.951667 22.970725
1403636907.001667 24.243955
1403636907.051666 23.857199
1403636907.101666 23.899423
1403636907.151666 23.324331
1403636907.201667 23.874215
1403636907.251667 25.164843
1403636907.301666 24.868615
1403636907.351666 33.022977
1403636907.401666 31.194484
1403636907.451667 30.147249
1403636907.501667 25.304999
1403636907.551666 23.568752
1403636907.601666 25.093263
1403636907.651666 24.424947
1403636907.701667 23.528092
1403636907.751667 29.738106
1403636907.801666 29.088204
1403636907.851666 24.069562
1403636907.901666 25.351005
1403636907.951667 22.642705
1403636908.001667 23.161245
1403636908.051666 25.396123
1403636908.101666 23.840810
1403636908.151666 29.681194
1403636908.201667 32.217338
1403636908.251667 22.781716
1403636908.301666 23.711511
1403636908.351666 24.639309
1403636908.401666 25.066895
1403636908.451667 24.287023
1403636908.501667 26.519519
1403636908.551666 23.824125
1403636908.601666 24.952436
1403636908.651666 26.071053
1403636908.701667 26.229739
1403636908.751667 23.549223
1403636908.801666 26.560063
1403636908.851666 26.683744
1403636908.901666 24.698324
1403636908.951667 32.819779
1403636909.001667 28.651929
1403636909.051666 31.921554
1403636909.101666 28.756300
1403636909.151666 25.155670
1403636909.201667 25.435170
1403636909.251667 25.362608
1403636909.301666 25.204001
1403636909.351666 24.800315
1403636909.401666 24.248771
1403636909.451667 27.268621
1403636909.501667 23.468454
1403636909.551666 24.804489
1403636909.601666 25.351031
1403636909.651666 24.654658
1403636909.701667 25.666064
1403636909.751667 25.720431
1403636909.801666 25.180143
1403636909.851666 31.600660
1403636909.901666 29.415025
1403636909.951667 25.433831
1403636910.001667 25.203198
1403636910.051666 23.991899
1403636910.101666 25.057357
1403636910.151666 24.928501
1403636910.201667 25.904241
1403636910.251667 23.929275
1403636910.301666 23.845894
1403636910.351666 25.902075
1403636910.401666 25.349650
1403636910.451667 32.649934
1403636910.501667 28.229502
1403636910.551666 31.581539
1403636910.601666 27.368526
1403636910.651666 31.290951
1403636910.701667 26.777135
1403636910.751667 24.046704
1403636910.801666 23.685233
1403636910.851666 24.112344
1403636910.901666 27.665240
1403636910.951667 26.982102
1403636911.001667 24.599738
1403636911.051666 25.174491
1403636911.101666 25.462544
1403636911.151666 24.577709
1403636911.201667 27.569402
1403636911.251667 23.436249
1403636911.301666 25.291325
1403636911.351666 25.455525
1403636911.401666 24.315512
1403636911.451667 32.523390
1403636911.501667 25.520832
1403636911.551666 30.845940
1403636911.601666 24.318667
1403636911.651666 30.332413
1403636911.701667 28.467338
1403636911.751667 30.375760
1403636911.801666 25.725389
1403636911.851666 27.364132
1403636911.901666 24.139957
1403636911.951667 30.597120
1403636912.001667 25.634545
1403636912.051666 23.382256
1403636912.101666 24.161959
1403636912.151666 30.373688
1403636912.201667 31.532461
1403636912.251667 24.985351
1403636912.301666 23.383453
1403636912.351666 23.526230
1403636912.401666 23.102876
1403636912.451667 25.657614
1403636912.501667 23.976506
1403636912.551666 23.276408
1403636912.601666 29.866471
1403636912.651666 24.401884
1403636912.701667 23.783773
1403636912.751667 25.123426
1403636912.801666 22.446073
1403636912.851666 23.250490
1403636912.901666 23.497451
1403636912.951667 22.471834
1403636913.001667 23.213260
1403636913.051666 26.684685
1403636913.101666 25.095000
1403636913.151666 22.581731
1403636913.201667 22.843334
1403636913.251667 24.461089
1403636913.301666 23.331695
1403636913.351666 22.597897
1403636913.401666 24.209389
1403636913.451667 26.360694
1403636913.501667 25.827828
1403636913.551666 24.300121
1403636913.601666 25.369438
1403636913.651666 26.795046
1403636913.701667 24.812907
1403636913.751667 24.672492
1403636913.801666 25.869137
1403636913.851666 23.539546
1403636913.901666 24.344479
1403636913.951667 16.569340
1403636914.001667 16.291279
1403636914.051666 24.107995
1403636914.101666 23.613113
1403636914.151666 24.148479
1403636914.201667 24.293515
1403636914.251667 24.546321
1403636914.301666 26.180878
1403636914.351666 25.912954
1403636914.401666 24.103333
1403636914.451667 23.762608
1403636914.501667 16.957813
1403636914.551666 17.241541
1403636914.601666 15.255209
1403636914.651666 24.133826
1403636914.701667 24.040257
1403636914.751667 16.587783
1403636914.801666 23.994477
1403636914.851666 23.319323
1403636914.901666 25.048257
1403636914.951667 18.300620
1403636915.001667 14.271335
1403636915.051666 24.792158
1403636915.101666 24.728449
1403636915.151666 23.858283
1403636915.201667 25.913496
1403636915.251667 25.557598
1403636915.301666 25.179829
1403636915.351666 23.526606
1403636915.401666 26.674318
1403636915.451667 24.853916
1403636915.501667 24.806892
1403636915.551666 23.638060
1403636915.601666 25.123640
1403636915.651666 24.509043
1403636915.701667 22.830745
1403636915.751667 23.054722
1403636915.801666 25.551119
1403636915.851666 23.608027
1403636915.901666 25.492255
1403636915.951667 23.765142
1403636916.001667 24.896045
1403636916.051666 23.818062
1403636916.101666 24.302621
1403636916.151666 24.573714
1403636916.201667 25.828256
1403636916.251667 25.676105
1403636916.301666 23.561039
1403636916.351666 22.711744
1403636916.401666 25.223064
1403636916.451667 25.251260
1403636916.501667 24.612822
1403636916.551666 23.775600
1403636916.601666 24.290936
1403636916.651666 24.046356
1403636916.701667 24.729637
1403636916.751667 23.945913
1403636916.801666 25.809066
1403636916.851666 23.816866
1403636916.901666 24.191073
1403636916.951667 25.848215
1403636917.001667 24.717597
1403636917.051666 24.517331
1403636917.101666 25.099868
1403636917.151666 26.262563
1403636917.201667 26.418363
1403636917.251667 23.610490
1403636917.301666 23.748631
1403636917.351666 24.813384
1403636917.401666 24.370309
1403636917.451667 23.692405
1403636917.501667 24.015660
1403636917.551666 24.485360
1403636917.601666 25.747402
1403636917.651666 15.898443
1403636917.701667 24.801339
1403636917.751667 23.910216
1403636917.801666 23.279388
1403636917.851666 24.916575
1403636917.901666 23.467959
1403636917.951667 17.118296
1403636918.001667 16.339227
1403636918.051666 24.621498
1403636918.101666 16.697050
1403636918.151666 16.466421
1403636918.201667 29.797758
1403636918.251667 23.738013
1403636918.301666 14.969134
1403636918.351666 24.114479
1403636918.401666 24.353659
1403636918.451667 24.041337
1403636918.501667 24.273885
1403636918.551666 18.440555
1403636918.601666 24.423956
1403636918.651666 15.344229
1403636918.701667 15.766726
1403636918.751667 24.532058
1403636918.801666 16.930989
1403636918.851666 24.810171
1403636918.901666 25.351045
1403636918.951667 25.591346
1403636919.001667 26.309272
1403636919.051666 24.734344
1403636919.101666 24.664739
1403636919.151666 24.291831
1403636919.201667 32.209435
1403636919.251667 23.827146
1403636919.301666 23.215761
1403636919.351666 23.776299
1403636919.401666 24.057413
1403636919.451667 24.706149
1403636919.501667 32.532758
1403636919.551666 25.502058
1403636919.601666 23.726066
1403636919.651666 24.107200
1403636919.701667 23.783189
1403636919.751667 24.151731
1403636919.801666 23.315392
1403636919.851666 18.771332
1403636919.901666 24.683334
1403636919.951667 24.850558
1403636920.001667 24.475757
1403636920.051666 25.343343
1403636920.101666 25.002335
1403636920.151666 23.327387
1403636920.201667 14.795595
1403636920.251667 25.196973
1403636920.301666 24.064352
1403636920.351666 24.790602
1403636920.401666 25.561610
1403636920.451667 24.452493
1403636920.501667 23.975908
1403636920.551666 27.047069
1403636920.601666 24.576104
1403636920.651666 24.211666
1403636920.701667 24.056322
1403636920.751667 24.933548
1403636920.801666 25.887730
1403636920.851666 14.834713
1403636920.901666 15.774150
1403636920.951667 15.543617
1403636921.001667 16.270778
1403636921.051666 16.466298
1403636921.101666 20.846525
1403636921.151666 19.321792
1403636921.201667 18.872255
1403636921.251667 30.049224
1403636921.301666 31.579064
1403636921.351666 29.721640
1403636921.401666 22.463616
1403636921.451667 29.408861
1403636921.501667 32.702734
1403636921.551666 33.128754
1403636921.601666 32.749927
1403636921.651666 30.359757
1403636921.701667 26.520305
1403636921.751667 24.424188
1403636921.801666 26.305503
1403636921.851666 24.506077
1403636921.901666 23.467168
1403636921.951667 24.883933
1403636922.001667 25.139366
1403636922.051666 26.597215
1403636922.101666 25.084850
1403636922.151666 14.657676
1403636922.201667 25.033645
1403636922.251667 25.824677
1403636922.301666 25.087329
1403636922.351666 25.051366
1403636922.401666 23.853889
1403636922.451667 23.007166
1403636922.501667 23.537375
1403636922.551666 23.674029
1403636922.601666 25.533212
1403636922.651666 26.188075
1403636922.701667 23.963052
1403636922.751667 25.370776
1403636922.801666 24.877217
1403636922.851666 26.111058
1403636922.901666 24.714285
1403636922.951667 25.043065
1403636923.001667 24.862329
1403636923.051666 24.794765
1403636923.101666 23.906838
1403636923.151666 24.248508
1403636923.201667 24.104446
1403636923.251667 25.224105
1403636923.301666 23.389587
1403636923.351666 23.513556
1403636923.401666 24.701704
1403636923.451667 24.990332
1403636923.501667 25.666581
1403636923.551666 23.184229
1403636923.601666 23.406044
1403636923.651666 18.855505
1403636923.701667 27.222653
1403636923.751667 23.772761
1403636923.801666 16.482162
1403636923.851666 26.895260
1403636923.901666 14.454165
1403636923.951667 24.045465
1403636924.001667 25.326757
1403636924.051666 16.243011
1403636924.101666 23.730299
1403636924.151666 14.577578
1403636924.201667 22.898114
1403636924.251667 15.401225
1403636924.301666 24.053054
1403636924.351666 24.217305
1403636924.401666 14.396901
1403636924.451667 22.380394
1403636924.501667 24.277904
1403636924.551666 17.465095
1403636924.601666 24.292763
1403636924.651666 30.678406
1403636924.701667 24.484495
1403636924.751667 24.136078
1403636924.801666 25.147953
1403636924.851666 24.028454
1403636924.901666 24.126526
1403636924.951667 23.478100
1403636925.001667 24.096424
1403636925.051666 24.907685
1403636925.101666 25.517373
1403636925.151666 30.605423
1403636925.201667 31.208866
1403636925.251667 33.104619
1403636925.301666 29.390102
1403636925.351666 24.206981
1403636925.401666 25.491223
1403636925.451667 30.703764
1403636925.501667 28.933877
1403636925.551666 23.045876
1403636925.601666 25.091549
1403636925.651666 24.191451
1403636925.701667 24.855376
1403636925.751667 23.735726
1403636925.801666 25.503084
1403636925.851666 24.420702
1403636925.901666 24.872073
1403636925.951667 24.121883
1403636926.001667 25.534449
1403636926.051666 24.335118
1403636926.101666 24.998262
1403636926.151666 22.959710
1403636926.201667 26.106394
1403636926.251667 24.156584
1403636926.301666 25.055345
1403636926.351666 29.756128
1403636926.401666 30.639348
1403636926.451667 33.337067
1403636926.501667 25.703506
1403636926.551666 23.756900
1403636926.601666 24.972264
1403636926.651666 24.680596
1403636926.701667 28.488549
1403636926.751667 22.895391
1403636926.801666 24.839863
1403636926.851666 23.065917
1403636926.901666 24.860195
1403636926.951667 23.093527
1403636927.001667 23.738794
1403636927.051666 23.631622
1403636927.101666 24.900234
1403636927.151666 26.413513
1403636927.201667 22.857131
1403636927.251667 25.718866
1403636927.301666 24.447519
1403636927.351666 24.287114
1403636927.401666 23.801880
1403636927.451667 24.175070
1403636927.501667 24.838842
1403636927.551666 22.890520
1403636927.601666 22.963891
1403636927.651666 25.446759
1403636927.701667 25.281879
1403636927.751667 24.408254
1403636927.801666 24.913316
1403636927.851666 23.891905
1403636927.901666 25.113491
1403636927.951667 22.170041
1403636928.001667 23.691385
1403636928.051666 23.819922
1403636928.101666 25.930900
1403636928.151666 25.195803
1403636928.201667 23.404338
1403636928.251667 22.620779
1403636928.301666 26.217404
1403636928.351666 21.985325
1403636928.401666 23.327978
1403636928.451667 24.779477
1403636928.501667 24.668689
1403636928.551666 22.710805
1403636928.601666 25.752908
1403636928.651666 24.315175
1403636928.701667 23.061433
1403636928.751667 23.498691
1403636928.801666 23.506660
1403636928.851666 23.534812
1403636928.901666 23.240677
1403636928.951667 23.487418
1403636929.001667 23.428183
1403636929.051666 24.135128
1403636929.101666 24.054063
1403636929.151666 30.625604
1403636929.201667 27.546140
1403636929.251667 23.371960
1403636929.301666 25.457767
1403636929.351666 16.341426
1403636929.401666 23.167486
1403636929.451667 25.394076
1403636929.501667 23.652066
1403636929.551666 25.116398
1403636929.601666 24.143657
1403636929.651666 24.039586
1403636929.701667 25.019919
1403636929.751667 33.062656
1403636929.801666 19.199639
1403636929.851666 19.044221
1403636929.901666 26.791756
1403636929.951667 23.464158
1403636930.001667 27.853367
1403636930.051666 22.337057
1403636930.101666 23.088959
1403636930.151666 23.200059
1403636930.201667 23.644211
1403636930.251667 21.532204
1403636930.301666 23.961430
1403636930.351666 24.077281
1403636930.401666 23.700090
1403636930.451667 24.228787
1403636930.501667 23.903975
1403636930.551666 22.062622
1403636930.601666 23.489604
1403636930.651666 22.173842
1403636930.701667 14.745766
1403636930.751667 23.568821
1403636930.801666 22.873353
1403636930.851666 24.078215
1403636930.901666 24.429508
1403636930.951667 23.525447
1403636931.001667 23.497779
1403636931.051666 25.012145
1403636931.101666 24.955208
1403636931.151666 22.871165
1403636931.201667 23.918326
1403636931.251667 29.924488
1403636931.301666 24.865308
1403636931.351666 32.195658
1403636931.401666 22.013778
1403636931.451667 25.527432
1403636931.501667 23.457592
1403636931.551666 23.071712
1403636931.601666 25.304090
1403636931.651666 24.868232
1403636931.701667 24.290691
1403636931.751667 24.172802
1403636931.801666 22.080759
1403636931.851666 24.947076
1403636931.901666 24.751520
1403636931.951667 21.842975
1403636932.001667 23.236787
1403636932.051666 23.225101
1403636932.101666 23.788995
1403636932.151666 22.667248
1403636932.201667 22.277800
1403636932.251667 31.245286
1403636932.301666 19.624781
1403636932.351666 32.145135
1403636932.401666 22.308046
1403636932.451667 22.441588
1403636932.501667 13.746088
1403636932.551666 21.554436
1403636932.601666 24.785028
1403636932.651666 29.441329
1403636932.701667 27.329975
1403636932.751667 24.259061
1403636932.801666 25.091622
1403636932.851666 23.601009
1403636932.901666 26.050845
1403636932.951667 23.185674
1403636933.001667 27.981115
1403636933.051666 24.526025
1403636933.101666 23.893848
1403636933.151666 24.708477
1403636933.201667 22.832390
1403636933.251667 26.387428
1403636933.301666 24.781652
1403636933.351666 25.416332
1403636933.401666 24.805417
1403636933.451667 24.898621
1403636933.501667 26.504419
1403636933.551666 24.003932
1403636933.601666 26.781858
1403636933.651666 22.062252
1403636933.701667 24.255064
1403636933.751667 27.356585
1403636933.801666 30.950595
1403636933.851666 31.636403
1403636933.901666 31.101532
1403636933.951667 31.887757
1403636934.001667 31.512898
1403636934.051666 32.628556
1403636934.101666 31.061721
1403636934.151666 31.483178
1403636934.201667 26.832375
1403636934.251667 22.003988
1403636934.301666 23.869607
1403636934.351666 23.982880
1403636934.401666 25.634226
1403636934.451667 24.770782
1403636934.501667 24.784658
1403636934.551666 22.703332
1403636934.601666 24.821810
1403636934.651666 25.877480
1403636934.701667 22.404057
1403636934.751667 24.790249
1403636934.801666 25.101721
1403636934.851666 27.274302
1403636934.901666 24.218944
1403636934.951667 24.218880
1403636935.001667 15.344879
1403636935.051666 25.053744
1403636935.101666 24.650021
1403636935.151666 24.624427
1403636935.201667 25.960315
1403636935.251667 24.326564
1403636935.301666 24.863244
1403636935.351666 25.663226
1403636935.401666 25.413921
1403636935.451667 23.996977
1403636935.501667 15.699745
1403636935.551666 24.827833
1403636935.601666 16.733286
1403636935.651666 16.888461
1403636935.701667 22.709283
1403636935.751667 23.529605
1403636935.801666 23.662153
1403636935.851666 24.048464
1403636935.901666 24.039709
1403636935.951667 24.505086
1403636936.001667 24.811152
1403636936.051666 27.922727
1403636936.101666 24.698862
1403636936.151666 23.520356
1403636936.201667 24.119883
1403636936.251667 26.222634
1403636936.301666 26.098916
1403636936.351666 15.493434
1403636936.401666 23.905026
1403636936.451667 25.147514
1403636936.501667 24.880746
1403636936.551666 31.624283
1403636936.601666 29.048595
1403636936.651666 31.784410
1403636936.701667 30.257199
1403636936.751667 20.517684
1403636936.801666 29.310068
1403636936.851666 23.690516
1403636936.901666 25.828326
1403636936.951667 24.174199
1403636937.001667 23.515007
1403636937.051666 24.493417
1403636937.101666 25.511801
1403636937.151666 25.472145
1403636937.201667 16.726340
1403636937.251667 24.253011
1403636937.301666 24.293673
1403636937.351666 23.342864
1403636937.401666 15.423160
1403636937.451667 24.659278
1403636937.501667 23.912418
1403636937.551666 15.850488
1403636937.601666 25.713632
1403636937.651666 31.330408
1403636937.701667 28.577172
1403636937.751667 30.732146
1403636937.801666 24.985758
1403636937.851666 20.646525
1403636937.901666 30.391826
1403636937.951667 30.171529
1403636938.001667 30.051464
1403636938.051666 24.748089
1403636938.101666 26.012747
1403636938.151666 24.653181
1403636938.201667 27.312264
1403636938.251667 16.975520
1403636938.301666 25.528535
1403636938.351666 23.715302
1403636938.401666 24.562415
1403636938.451667 22.549860
1403636938.501667 24.358692
1403636938.551666 22.632061
1403636938.601666 25.960679
1403636938.651666 24.556967
1403636938.701667 25.463741
1403636938.751667 24.450821
1403636938.801666 23.846322
1403636938.851666 25.368816
1403636938.901666 23.907220
1403636938.951667 25.467047
1403636939.001667 26.228940
1403636939.051666 22.873551
1403636939.101666 25.164757
1403636939.151666 25.581224
1403636939.201667 26.379968
1403636939.251667 24.113822
1403636939.301666 24.416452
1403636939.351666 25.048953
1403636939.401666 24.676333
1403636939.451667 24.624915
1403636939.501667 24.349683
1403636939.551666 23.960499
1403636939.601666 24.956142
1403636939.651666 25.178587
1403636939.701667 24.489647
1403636939.751667 23.477606
1403636939.801666 23.047960
1403636939.851666 26.872412
1403636939.901666 24.719827
1403636939.951667 26.564020
1403636940.001667 27.850268
1403636940.051666 25.875279
1403636940.101666 23.986867
1403636940.151666 26.812478
1403636940.201667 25.573807
1403636940.251667 32.058372
1403636940.301666 30.537775
1403636940.351666 25.680420
1403636940.401666 24.864126
1403636940.451667 23.992975
1403636940.501667 25.225932
1403636940.551666 25.638189
1403636940.601666 24.960476
1403636940.651666 24.328274
1403636940.701667 27.070752
1403636940.751667 25.106862
1403636940.801666 27.045781
1403636940.851666 24.647635
1403636940.901666 33.603502
1403636940.951667 30.844487
1403636941.001667 29.076632
1403636941.051666 25.839830
1403636941.101666 27.623824
1403636941.151666 31.055162
1403636941.201667 25.379835
1403636941.251667 24.015717
1403636941.301666 24.775667
1403636941.351666 24.147852
1403636941.401666 25.360381
1403636941.451667 27.553132
1403636941.501667 24.688218
1403636941.551666 26.387573
1403636941.601666 25.412202
1403636941.651666 24.674349
1403636941.701667 24.161792
1403636941.751667 27.616537
1403636941.801666 24.860652
1403636941.851666 24.593751
1403636941.901666 24.347917
1403636941.951667 24.093433
1403636942.001667 23.883850
1403636942.051666 25.104454
1403636942.101666 23.924830
1403636942.151666 25.112652
1403636942.201667 23.500244
1403636942.251667 26.027813
1403636942.301666 29.520109
1403636942.351666 32.231306
1403636942.401666 23.247386
1403636942.451667 22.410800
1403636942.501667 27.494107
1403636942.551666 32.265373
1403636942.601666 24.460165
1403636942.651666 26.131776
1403636942.701667 24.304021
1403636942.751667 24.706628
1403636942.801666 25.312517
1403636942.851666 28.564362
1403636942.901666 24.912533
1403636942.951667 24.453518
1403636943.001667 24.146056
1403636943.051666 25.328333
1403636943.101666 24.250651
1403636943.151666 25.641780
1403636943.201667 26.534619
1403636943.251667 27.377428
1403636943.301666 26.339513
1403636943.351666 26.521400
1403636943.401666 26.348566
1403636943.451667 27.121568
1403636943.501667 26.244543
1403636943.551666 24.169093
1403636943.601666 25.366603
1403636943.651666 25.407212
1403636943.701667 24.936615
1403636943.751667 24.081147
1403636943.801666 26.077462
1403636943.851666 25.196956
1403636943.901666 25.620874
1403636943.951667 23.582562
1403636944.001667 26.928533
1403636944.051666 25.057209
1403636944.101666 25.367400
1403636944.151666 24.369461
1403636944.201667 24.984359
1403636944.251667 34.089232
1403636944.301666 29.827304
1403636944.351666 25.467961
1403636944.401666 26.312724
1403636944.451667 31.445098
1403636944.501667 24.293746
1403636944.551666 23.553241
1403636944.601666 23.273628
1403636944.651666 23.128549
1403636944.701667 24.588273
1403636944.751667 24.969081
1403636944.801666 26.552163
1403636944.851666 32.634030
1403636944.901666 24.879907
1403636944.951667 24.011227
1403636945.001667 26.564349
1403636945.051666 22.888404
1403636945.101666 15.891544
1403636945.151666 17.666365
1403636945.201667 18.476159
1403636945.251667 23.124273
1403636945.301666 22.675183
1403636945.351666 25.419042
1403636945.401666 23.455904
1403636945.451667 22.623531
1403636945.501667 23.231363
1403636945.551666 15.970903
1403636945.601666 21.942489
1403636945.651666 24.842462
1403636945.701667 23.187396
1403636945.751667 24.337320
1403636945.801666 23.490768
1403636945.851666 24.610213
1403636945.901666 24.748726
1403636945.951667 24.122855
1403636946.001667 21.868576
1403636946.051666 26.445593
1403636946.101666 14.756678
1403636946.151666 30.635498
1403636946.201667 22.169377
1403636946.251667 23.701906
1403636946.301666 23.952800
1403636946.351666 26.722361
1403636946.401666 22.719692
1403636946.451667 24.533301
1403636946.501667 22.295824
1403636946.551666 23.104477
1403636946.601666 22.529817
1403636946.651666 22.788308
1403636946.701667 23.053053
1403636946.751667 23.098740
1403636946.801666 23.473333
1403636946.851666 23.407965
1403636946.901666 23.120240
1403636946.951667 24.283560
1403636947.001667 23.878185
1403636947.051666 24.857082
1403636947.101666 22.840878
1403636947.151666 22.153383
1403636947.201667 23.756439
1403636947.251667 23.801170
1403636947.301666 24.651185
1403636947.351666 23.027794
1403636947.401666 22.033554
1403636947.451667 23.729931
1403636947.501667 23.727811
1403636947.551666 22.450973
1403636947.601666 23.161956
1403636947.651666 23.007808
1403636947.701667 21.336465
1403636947.751667 21.850924
1403636947.801666 25.480530
1403636947.851666 23.371784
1403636947.901666 24.111592
1403636947.951667 23.310414
1403636948.001667 22.250701
1403636948.051666 21.437880
1403636948.101666 26.488983
1403636948.151666 30.744496
1403636948.201667 22.450613
1403636948.251667 30.727889
1403636948.301666 22.940049
1403636948.351666 23.139580
1403636948.401666 23.126620
1403636948.451667 24.958929
1403636948.501667 24.164896
1403636948.551666 22.258608
1403636948.601666 22.119966
1403636948.651666 23.687746
1403636948.701667 24.011575
1403636948.751667 22.018440
1403636948.801666 31.854770
1403636948.851666 22.424132
1403636948.901666 22.898517
1403636948.951667 21.556909
1403636949.001667 22.998317
1403636949.051666 23.445366
1403636949.101666 26.295507
1403636949.151666 25.076039
1403636949.201667 25.615616
1403636949.251667 23.410219
1403636949.301666 24.328573
1403636949.351666 26.725236
1403636949.401666 23.256433
1403636949.451667 22.907854
1403636949.501667 24.560414
1403636949.551666 29.991504
1403636949.601666 28.407095
1403636949.651666 31.801613
1403636949.701667 27.535745
1403636949.751667 23.934402
1403636949.801666 25.182527
1403636949.851666 29.793639
1403636949.901666 31.925396
1403636949.951667 30.890352
1403636950.001667 27.777986
1403636950.051666 31.208798
1403636950.101666 27.679198
1403636950.151666 24.761985
1403636950.201667 22.414366
1403636950.251667 23.428621
1403636950.301666 24.307697
1403636950.351666 24.067101
1403636950.401666 23.259708
1403636950.451667 23.306658
1403636950.501667 22.671195
1403636950.551666 23.656003
1403636950.601666 22.844166
1403636950.651666 23.920626
1403636950.701667 24.230812
1403636950.751667 24.882633
1403636950.801666 24.127877
1403636950.851666 24.470885
1403636950.901666 24.779921
1403636950.951667 24.998347
1403636951.001667 24.456333
1403636951.051666 31.460755
1403636951.101666 27.622375
1403636951.151666 24.777930
1403636951.201667 27.330409
1403636951.251667 24.669124
1403636951.301666 26.251979
1403636951.351666 25.795666
1403636951.401666 24.486359
1403636951.451667 26.207868
1403636951.501667 29.862898
1403636951.551666 24.286453
1403636951.601666 24.334920
1403636951.651666 25.356830
1403636951.701667 24.371098
1403636951.751667 24.036499
1403636951.801666 24.270519
1403636951.851666 23.671801
1403636951.901666 24.403569
1403636951.951667 24.719704
1403636952.001667 24.574216
1403636952.051666 25.138750
1403636952.101666 23.677158
1403636952.151666 22.673634
1403636952.201667 23.411406
1403636952.251667 23.267164
1403636952.301666 26.953357
1403636952.351666 25.600773
1403636952.401666 26.230906
1403636952.451667 23.741689
1403636952.501667 24.004119
1403636952.551666 28.111355
1403636952.601666 24.066950
1403636952.651666 22.891895
1403636952.701667 22.707072
1403636952.751667 24.721050
1403636952.801666 22.681755
1403636952.851666 23.373189
1403636952.901666 24.066431
1403636952.951667 23.473133
1403636953.001667 23.984703
1403636953.051666 22.866857
1403636953.101666 22.902300
1403636953.151666 23.123443
1403636953.201667 22.679046
1403636953.251667 15.619101
1403636953.301666 23.433321
1403636953.351666 23.110557
1403636953.401666 24.530466
1403636953.451667 23.411655
1403636953.501667 22.875080
1403636953.551666 23.255560
1403636953.601666 22.923345
1403636953.651666 22.742888
1403636953.701667 23.643635
1403636953.751667 22.934304
1403636953.801666 23.507848
1403636953.851666 28.788345
1403636953.901666 23.924857
1403636953.951667 24.530018
1403636954.001667 24.057664
1403636954.051666 24.514949
1403636954.101666 24.643023
1403636954.151666 23.163075
1403636954.201667 24.524843
1403636954.251667 26.314316
1403636954.301666 24.140371
1403636954.351666 22.997134
1403636954.401666 26.105046
1403636954.451667 23.810133
1403636954.501667 22.617204
1403636954.551666 21.873250
1403636954.601666 24.812007
1403636954.651666 22.675458
1403636954.701667 26.530665
1403636954.751667 24.222826
1403636954.801666 25.808114
1403636954.851666 22.459808
1403636954.901666 23.922119
1403636954.951667 23.874513
1403636955.001667 22.668231
1403636955.051666 22.622705
1403636955.101666 24.362955
1403636955.151666 25.407848
1403636955.201667 25.285305
1403636955.251667 23.112290
1403636955.301666 26.101014
1403636955.351666 23.705780
1403636955.401666 24.527510
1403636955.451667 31.204384
1403636955.501667 24.478783
1403636955.551666 30.622576
1403636955.601666 25.020243
1403636955.651666 23.180092
1403636955.701667 23.272508
1403636955.751667 23.317673
1403636955.801666 23.179730
1403636955.851666 22.219699
1403636955.901666 24.582419
1403636955.951667 31.464699
1403636956.001667 30.807405
1403636956.051666 24.699076
1403636956.101666 23.942075
1403636956.151666 22.823051
1403636956.201667 24.302693
1403636956.251667 24.219303
1403636956.301666 24.312265
1403636956.351666 23.605326
1403636956.401666 24.347958
1403636956.451667 24.267187
1403636956.501667 24.406847
1403636956.551666 24.434858
1403636956.601666 23.066135
1403636956.651666 15.543593
1403636956.701667 27.567409
1403636956.751667 24.252761
1403636956.801666 29.504106
1403636956.851666 25.352519
1403636956.901666 25.459899
1403636956.951667 22.844979
1403636957.001667 24.923676
1403636957.051666 23.348070
1403636957.101666 24.840546
1403636957.151666 24.026726
1403636957.201667 24.136534
1403636957.251667 29.537637
1403636957.301666 23.876711
1403636957.351666 24.881886
1403636957.401666 23.970870
1403636957.451667 24.372774
1403636957.501667 24.733462
1403636957.551666 24.608609
1403636957.601666 23.788577
1403636957.651666 25.033707
1403636957.701667 24.533704
1403636957.751667 25.270879
1403636957.801666 31.538780
1403636957.851666 30.548603
1403636957.901666 24.626960
1403636957.951667 24.765164
1403636958.001667 25.009005
1403636958.051666 25.196848
1403636958.101666 24.581361
1403636958.151666 24.297848
1403636958.201667 27.426222
1403636958.251667 24.408572
1403636958.301666 27.706863
1403636958.351666 23.428157
1403636958.401666 25.878872
1403636958.451667 23.629688
1403636958.501667 28.503329
1403636958.551666 33.083571
1403636958.601666 28.533575
1403636958.651666 31.370156
1403636958.701667 27.846143
1403636958.751667 16.491073
1403636958.801666 23.381799
1403636958.851666 23.337835
1403636958.901666 24.587908
1403636958.951667 25.769627
1403636959.001667 23.105885
1403636959.051666 22.765595
1403636959.101666 23.287966
1403636959.151666 16.406890
1403636959.201667 23.256056
1403636959.251667 22.068858
1403636959.301666 22.914363
1403636959.351666 22.325907
1403636959.401666 14.696373
1403636959.451667 22.251724
1403636959.501667 24.179721
1403636959.551666 23.495684
1403636959.601666 25.175326
1403636959.651666 23.047062
1403636959.701667 28.446605
1403636959.751667 22.970671
1403636959.801666 23.675097
1403636959.851666 23.324531
1403636959.901666 22.598270
1403636959.951667 14.526452
1403636960.001667 15.826835
1403636960.051666 22.180487
1403636960.101666 30.722459
1403636960.151666 23.563168
1403636960.201667 16.989087
1403636960.251667 23.684828
1403636960.301666 23.666823
1403636960.351666 23.633508
1403636960.401666 22.385617
1403636960.451667 21.569211
1403636960.501667 22.747062
1403636960.551666 15.204842
1403636960.601666 14.899068
1403636960.651666 25.427319
1403636960.701667 27.779627
1403636960.751667 23.701603
1403636960.801666 29.960873
1403636960.851666 33.291469
1403636960.901666 32.753544
1403636960.951667 26.172069
1403636961.001667 23.969404
1403636961.051666 23.465703
1403636961.101666 25.019254
1403636961.151666 23.336628
1403636961.201667 25.248622
1403636961.251667 25.471795
1403636961.301666 26.085403
1403636961.351666 24.062346
1403636961.401666 24.313002
1403636961.451667 24.046739
1403636961.501667 23.279745
1403636961.551666 24.284768
1403636961.601666 23.863718
1403636961.651666 23.794344
1403636961.701667 24.311824
1403636961.751667 26.274783
1403636961.801666 23.344783
1403636961.851666 26.414873
1403636961.901666 24.243372
1403636961.951667 24.423262
1403636962.001667 24.698265
1403636962.051666 25.387028
1403636962.101666 25.199988
1403636962.151666 24.147811
1403636962.201667 24.658536
1403636962.251667 25.695972
1403636962.301666 24.739316
1403636962.351666 24.880775
1403636962.401666 26.419615
1403636962.451667 24.069629
1403636962.501667 25.294704
1403636962.551666 22.683800
1403636962.601666 26.592773
1403636962.651666 26.441075
1403636962.701667 26.781091
1403636962.751667 31.632074
1403636962.801666 26.293188
1403636962.851666 24.004205
1403636962.901666 26.223768
1403636962.951667 23.829543
1403636963.001667 25.407618
1403636963.051666 24.537201
1403636963.101666 24.276403
1403636963.151666 24.264689
1403636963.201667 24.938792
1403636963.251667 26.689860
1403636963.301666 31.672338
1403636963.351666 25.751947
1403636963.401666 15.925494
1403636963.451667 24.183056
1403636963.501667 24.411221
1403636963.551666 24.137467
1403636963.601666 24.362362
1403636963.651666 24.253654
1403636963.701667 25.879181
1403636963.751667 25.499495
1403636963.801666 23.123068
1403636963.851666 25.951208
1403636963.901666 31.859429
1403636963.951667 32.290333
1403636964.001667 31.874937
1403636964.051666 29.668221
1403636964.101666 26.116666
1403636964.151666 26.571219
1403636964.201667 24.479409
1403636964.251667 24.055716
1403636964.301666 25.213333
1403636964.351666 25.803646
1403636964.401666 31.713354
1403636964.451667 28.735016
1403636964.501667 24.428890
1403636964.551666 24.438202
1403636964.601666 22.772838
1403636964.651666 22.622420
1403636964.701667 22.514035
1403636964.751667 24.175526
1403636964.801666 24.609337
1403636964.851666 23.871136
1403636964.901666 26.268505
1403636964.951667 25.459660
1403636965.001667 23.977804
1403636965.051666 25.825468
1403636965.101666 26.583497
1403636965.151666 25.897092
1403636965.201667 30.296886
1403636965.251667 24.755277
1403636965.301666 24.394212
1403636965.351666 25.372544
1403636965.401666 27.845385
1403636965.451667 23.183516
1403636965.501667 23.395727
1403636965.551666 24.295878
1403636965.601666 25.704300
1403636965.651666 25.345081
1403636965.701667 26.396953
1403636965.751667 32.682051
1403636965.801666 31.767414
1403636965.851666 32.552903
1403636965.901666 30.139215
1403636965.951667 24.187025
1403636966.001667 23.658087
1403636966.051666 24.661768
1403636966.101666 25.700349
1403636966.151666 23.137348
1403636966.201667 22.091353
1403636966.251667 23.957901
1403636966.301666 27.147486
1403636966.351666 23.141170
1403636966.401666 23.492072
1403636966.451667 26.582818
1403636966.501667 24.813118
1403636966.551666 24.258316
1403636966.601666 23.914309
1403636966.651666 26.628615
1403636966.701667 25.899084
1403636966.751667 24.306149
1403636966.801666 23.427522
1403636966.851666 15.957718
1403636966.901666 23.643970
1403636966.951667 16.287506
1403636967.001667 24.575427
1403636967.051666 23.735809
1403636967.101666 24.795584
1403636967.151666 23.930489
1403636967.201667 24.246755
1403636967.251667 23.503459
1403636967.301666 24.895616
1403636967.351666 24.963754
1403636967.401666 23.015396
1403636967.451667 22.652710
1403636967.501667 23.131412
1403636967.551666 22.744970
1403636967.601666 24.714149
1403636967.651666 23.573517
1403636967.701667 22.666068
1403636967.751667 22.635812
1403636967.801666 23.123265
1403636967.851666 23.435786
1403636967.901666 22.604550
1403636967.951667 25.042688
1403636968.001667 25.353985
1403636968.051666 24.762888
1403636968.101666 24.407395
1403636968.151666 30.045036
1403636968.201667 23.710047
1403636968.251667 25.723649
1403636968.301666 23.949217
1403636968.351666 23.951936
1403636968.401666 23.818924
1403636968.451667 23.620512
1403636968.501667 24.172171
1403636968.551666 24.901155
1403636968.601666 24.268709
1403636968.651666 23.628882
1403636968.701667 25.236088
1403636968.751667 25.932593
1403636968.801666 22.021408
1403636968.851666 23.587513
1403636968.901666 23.674394
1403636968.951667 26.728432
1403636969.001667 23.743748
1403636969.051666 24.170611
1403636969.101666 25.366771
1403636969.151666 24.873135
1403636969.201667 23.714227
1403636969.251667 24.941197
1403636969.301666 23.872673
1403636969.351666 23.770352
1403636969.401666 22.900518
1403636969.451667 26.347728
1403636969.501667 22.930719
1403636969.551666 24.007279
1403636969.601666 23.896347
1403636969.651666 24.517540
1403636969.701667 25.636864
1403636969.751667 24.116223
1403636969.801666 24.751368
1403636969.851666 24.009356
1403636969.901666 31.470053
1403636969.951667 31.366228
1403636970.001667 25.480628
1403636970.051666 32.097435
1403636970.101666 24.969953
1403636970.151666 25.170944
1403636970.201667 28.413663
1403636970.251667 24.386111
1403636970.301666 24.804388
1403636970.351666 23.194007
1403636970.401666 23.808740
1403636970.451667 24.728917
1403636970.501667 25.965510
1403636970.551666 25.197394
1403636970.601666 26.280163
1403636970.651666 24.985802
1403636970.701667 24.071098
1403636970.751667 26.053175
1403636970.801666 23.376118
1403636970.851666 25.658578
1403636970.901666 25.036141
1403636970.951667 30.871562
1403636971.001667 26.124463
1403636971.051666 22.759359
1403636971.101666 26.046693
1403636971.151666 24.485082
1403636971.201667 26.095749
1403636971.251667 25.477989
1403636971.301666 25.687320
1403636971.351666 25.045687
1403636971.401666 26.086766
1403636971.451667 25.847501
1403636971.501667 26.100497
1403636971.551666 25.319206
1403636971.601666 22.990053
1403636971.651666 24.431660
1403636971.701667 24.359848
1403636971.751667 25.257056
1403636971.801666 24.383431
1403636971.851666 23.265355
1403636971.901666 26.743039
1403636971.951667 23.486115
1403636972.001667 24.903534
1403636972.051666 23.976413
1403636972.101666 32.978375
1403636972.151666 32.225617
1403636972.201667 32.127454
1403636972.251667 31.594615
1403636972.301666 31.387368
1403636972.351666 34.068344
1403636972.401666 30.033514
1403636972.451667 20.701008
1403636972.501667 34.302285
1403636972.551666 35.714033
1403636972.601666 24.285790
1403636972.651666 23.986906
1403636972.701667 15.770903
1403636972.751667 26.058098
1403636972.801666 23.118671
1403636972.851666 15.611637
1403636972.901666 16.030177
1403636972.951667 25.276201
1403636973.001667 16.437889
1403636973.051666 23.226539
1403636973.101666 24.486130
1403636973.151666 30.816033
1403636973.201667 24.815122
1403636973.251667 25.037881
1403636973.301666 25.810704
1403636973.351666 24.252817
1403636973.401666 24.987398
1403636973.451667 25.679548
1403636973.501667 24.964867
1403636973.551666 31.298815
1403636973.601666 30.013732
1403636973.651666 26.375054
1403636973.701667 24.512276
1403636973.751667 25.031322
1403636973.801666 25.359985
1403636973.851666 22.834814
1403636973.901666 21.971302
1403636973.951667 24.091195
1403636974.001667 23.537090
1403636974.051666 23.817880
1403636974.101666 27.051286
1403636974.151666 30.131287
1403636974.201667 25.316121
1403636974.251667 22.406978
1403636974.301666 25.045449
1403636974.351666 22.382367
1403636974.401666 24.659137
1403636974.451667 23.971647
1403636974.501667 24.888610
1403636974.551666 22.574949
1403636974.601666 25.538389
1403636974.651666 25.668420
1403636974.701667 26.260063
1403636974.751667 26.075581
1403636974.801666 24.528011
1403636974.851666 24.751422
1403636974.901666 24.941667
1403636974.951667 22.940304
1403636975.001667 24.659209
1403636975.051666 23.518382
1403636975.101666 25.395313
1403636975.151666 24.381298
1403636975.201667 25.449026
1403636975.251667 24.574098
1403636975.301666 26.340348
1403636975.351666 22.361935
1403636975.401666 24.325610
1403636975.451667 24.798049
1403636975.501667 25.716864
1403636975.551666 23.890143
1403636975.601666 22.476125
1403636975.651666 25.403696
1403636975.701667 26.091671
1403636975.751667 16.343490
1403636975.801666 22.052223
1403636975.851666 25.365168
1403636975.901666 17.798337
1403636975.951667 20.528735
1403636976.001667 28.654864
1403636976.051666 32.882631
1403636976.101666 24.476985
1403636976.151666 31.520823
1403636976.201667 27.176514
1403636976.251667 24.604431
1403636976.301666 24.936478
1403636976.351666 24.025833
1403636976.401666 24.210449
1403636976.451667 24.880007
1403636976.501667 25.650361
1403636976.551666 24.834357
1403636976.601666 25.439146
1403636976.651666 24.916556
1403636976.701667 25.542070
1403636976.751667 24.577832
1403636976.801666 25.439058
1403636976.851666 25.516379
1403636976.901666 26.929691
1403636976.951667 24.872584
1403636977.001667 27.891930
1403636977.051666 30.322612
1403636977.101666 30.993543
1403636977.151666 16.798828
1403636977.201667 24.115230
1403636977.251667 23.929331
1403636977.301666 25.254524
1403636977.351666 24.978423
1403636977.401666 23.734699
1403636977.451667 25.467723
1403636977.501667 24.940637
1403636977.551666 24.253633
1403636977.601666 22.414526
1403636977.651666 25.573741
1403636977.701667 25.604607
1403636977.751667 24.431811
1403636977.801666 26.542753
1403636977.851666 24.162186
1403636977.901666 22.433852
1403636977.951667 21.976107
1403636978.001667 22.813839
1403636978.051666 26.143578
1403636978.101666 24.230002
1403636978.151666 25.031589
1403636978.201667 23.421905
1403636978.251667 22.635154
1403636978.301666 25.028121
1403636978.351666 23.775112
1403636978.401666 23.557698
1403636978.451667 27.288796
1403636978.501667 25.092690
1403636978.551666 25.837039
1403636978.601666 22.627907
1403636978.651666 30.819511
1403636978.701667 29.475467
1403636978.751667 31.322094
1403636978.801666 27.958869
1403636978.851666 24.771082
1403636978.901666 23.776088
1403636978.951667 24.081685
1403636979.001667 23.742734
1403636979.051666 23.630017
1403636979.101666 23.774455
1403636979.151666 24.030931
1403636979.201667 25.388677
1403636979.251667 31.677010
1403636979.301666 29.732991
1403636979.351666 31.099422
1403636979.401666 25.848232
1403636979.451667 24.265906
1403636979.501667 27.061192
1403636979.551666 29.972733
1403636979.601666 23.268337
1403636979.651666 23.995840
1403636979.701667 22.744332
1403636979.751667 23.137022
1403636979.801666 24.439881
1403636979.851666 22.543982
1403636979.901666 23.365226
1403636979.951667 25.160290
1403636980.001667 24.136268
1403636980.051666 23.422679
1403636980.101666 23.896901
1403636980.151666 23.952838
1403636980.201667 24.516092
1403636980.251667 22.363299
1403636980.301666 22.454642
1403636980.351666 29.656819
1403636980.401666 28.713976
1403636980.451667 22.402952
1403636980.501667 22.571219
1403636980.551666 14.093166
1403636980.601666 22.870341
1403636980.651666 25.260838
1403636980.701667 21.676621
1403636980.751667 23.291464
1403636980.801666 24.422387
1403636980.851666 24.257475
1403636980.901666 23.910514
1403636980.951667 23.336401
1403636981.001667 21.908688
1403636981.051666 23.274574
1403636981.101666 23.042044
1403636981.151666 22.903190
1403636981.201667 22.391319
1403636981.251667 23.744049
1403636981.301666 21.227794
1403636981.351666 29.350957
1403636981.401666 22.365992
1403636981.451667 24.503342
1403636981.501667 24.182562
1403636981.551666 23.140086
1403636981.601666 23.651676
1403636981.651666 23.676150
1403636981.701667 21.712645
1403636981.751667 22.959136
1403636981.801666 25.093755
1403636981.851666 23.533174
1403636981.901666 23.529591
1403636981.951667 30.371228
1403636982.001667 21.719431
1403636982.051666 23.670995
1403636982.101666 24.488038
1403636982.151666 23.706727
1403636982.201667 22.024497
1403636982.251667 23.501685
1403636982.301666 24.049916
1403636982.351666 22.994763
1403636982.401666 23.575034
1403636982.451667 23.585598
1403636982.501667 24.743528
1403636982.551666 24.817330
1403636982.601666 24.721319
1403636982.651666 24.889070
1403636982.701667 27.118757
1403636982.751667 18.641916
1403636982.801666 24.526927
1403636982.851666 26.115648
1403636982.901666 22.793596
1403636982.951667 25.640423
1403636983.001667 24.124847
1403636983.051666 24.905328
1403636983.101666 24.550997
1403636983.151666 24.826653
1403636983.201667 24.072316
1403636983.251667 25.730979
1403636983.301666 24.974939
1403636983.351666 24.527700
1403636983.401666 24.347170
1403636983.451667 32.062395
1403636983.501667 27.585269
1403636983.551666 28.451137
1403636983.601666 22.367871
1403636983.651666 24.537630
1403636983.701667 23.066461
1403636983.751667 22.652899
1403636983.801666 24.813460
1403636983.851666 23.617653
1403636983.901666 23.182040
1403636983.951667 24.538454
1403636984.001667 24.969636
1403636984.051666 30.725317
1403636984.101666 25.782679
1403636984.151666 22.832592
1403636984.201667 23.472572
1403636984.251667 25.455513
1403636984.301666 23.446694
1403636984.351666 30.763805
1403636984.401666 24.578637
1403636984.451667 23.015264
1403636984.501667 25.095103
1403636984.551666 22.707690
1403636984.601666 24.809965
1403636984.651666 22.773211
1403636984.701667 25.310449
1403636984.751667 24.336797
1403636984.801666 25.400789
1403636984.851666 25.145019
1403636984.901666 23.483637
1403636984.951667 23.252627
1403636985.001667 23.704202
1403636985.051666 27.841856
1403636985.101666 23.748080
1403636985.151666 22.773052
1403636985.201667 26.102006
1403636985.251667 24.303988
1403636985.301666 23.107136
1403636985.351666 25.364607
1403636985.401666 24.162509
1403636985.451667 24.647534
1403636985.501667 22.788347
1403636985.551666 24.668474
1403636985.601666 23.575354
1403636985.651666 24.892537
1403636985.701667 25.552419
1403636985.751667 24.055208
1403636985.801666 25.041798
1403636985.851666 23.340875
1403636985.901666 25.177556
1403636985.951667 24.058601
1403636986.001667 24.600293
1403636986.051666 25.815636
1403636986.101666 27.099920
1403636986.151666 24.952465
1403636986.201667 26.294972
1403636986.251667 32.573637
1403636986.301666 30.680120
1403636986.351666 24.174404
1403636986.401666 23.797559
1403636986.451667 24.257864
1403636986.501667 24.978711
1403636986.551666 24.693842
1403636986.601666 24.317653
1403636986.651666 23.267460
1403636986.701667 32.490679
1403636986.751667 28.944848
1403636986.801666 30.105851
1403636986.851666 24.574076
1403636986.901666 25.045205
1403636986.951667 27.018981
1403636987.001667 25.099367
1403636987.051666 25.383619
1403636987.101666 23.104282
1403636987.151666 23.206712
1403636987.201667 25.931639
1403636987.251667 24.282178
1403636987.301666 23.127017
1403636987.351666 23.132484
1403636987.401666 26.422904
1403636987.451667 25.713193
1403636987.501667 23.207310
1403636987.551666 23.977792
1403636987.601666 23.307695
1403636987.651666 31.602080
1403636987.701667 32.681225
1403636987.751667 33.282451
1403636987.801666 20.476530
1403636987.851666 31.483287
1403636987.901666 31.830977
1403636987.951667 30.969581
1403636988.001667 30.454025
1403636988.051666 25.727560
1403636988.101666 27.325561
1403636988.151666 29.836090
1403636988.201667 24.843688
1403636988.251667 24.005237
1403636988.301666 25.827465
1403636988.351666 23.024990
1403636988.401666 23.701109
1403636988.451667 23.652471
1403636988.501667 25.708744
1403636988.551666 23.433005
1403636988.601666 16.301179
1403636988.651666 23.894895
1403636988.701667 24.721542
1403636988.751667 23.912206
1403636988.801666 24.877505
1403636988.851666 24.738975
1403636988.901666 25.358604
1403636988.951667 25.159004
1403636989.001667 23.553650
1403636989.051666 25.146508
1403636989.101666 27.089332
1403636989.151666 15.539502
1403636989.201667 23.936012
1403636989.251667 23.850732
1403636989.301666 25.336855
1403636989.351666 23.313174
1403636989.401666 24.161780
1403636989.451667 24.496399
1403636989.501667 25.115817
1403636989.551666 23.624888
1403636989.601666 24.894360
1403636989.651666 23.804295
1403636989.701667 25.914463
1403636989.751667 24.562343
1403636989.801666 27.227195
1403636989.851666 25.535652
1403636989.901666 27.304566
1403636989.951667 15.614564
1403636990.001667 22.964390
1403636990.051666 22.943230
1403636990.101666 26.061523
1403636990.151666 23.503202
1403636990.201667 22.980494
1403636990.251667 24.277336
1403636990.301666 26.407705
1403636990.351666 24.103302
1403636990.401666 22.990368
1403636990.451667 24.373459
1403636990.501667 24.454849
1403636990.551666 24.111213
1403636990.601666 23.976657
1403636990.651666 25.631480
1403636990.701667 28.166334
1403636990.751667 24.614606
1403636990.801666 22.507194
1403636990.851666 24.294006
1403636990.901666 25.368605
1403636990.951667 23.392914
1403636991.001667 23.772349
1403636991.051666 24.919475
1403636991.101666 28.858981
1403636991.151666 24.377679
1403636991.201667 23.181720
1403636991.251667 23.549546
1403636991.301666 25.632452
1403636991.351666 22.532918
1403636991.401666 29.789482
1403636991.451667 24.757708
1403636991.501667 23.363404
1403636991.551666 23.643090
1403636991.601666 14.948411
1403636991.651666 24.765377
1403636991.701667 24.384883
1403636991.751667 24.757871
1403636991.801666 24.044019
1403636991.851666 22.657019
1403636991.901666 23.644215
1403636991.951667 23.940572
1403636992.001667 22.808993
1403636992.051666 23.495130
1403636992.101666 23.757434
1403636992.151666 22.541260
1403636992.201667 24.421173
1403636992.251667 23.600462
1403636992.301666 24.880263
1403636992.351666 22.535594
1403636992.401666 24.889992
1403636992.451667 23.790659
1403636992.501667 22.579667
1403636992.551666 25.287332
1403636992.601666 22.523049
1403636992.651666 23.693546
1403636992.701667 25.600272
1403636992.751667 30.524243
1403636992.801666 26.417623
1403636992.851666 24.518453
1403636992.901666 24.381465
1403636992.951667 24.063154
1403636993.001667 23.479339
1403636993.051666 22.899754
1403636993.101666 23.566819
1403636993.151666 22.509781
1403636993.201667 22.854387
1403636993.251667 23.377356
1403636993.301666 24.263057
1403636993.351666 24.307264
1403636993.401666 23.002699
1403636993.451667 23.045702
1403636993.501667 26.916657
1403636993.551666 31.896441
1403636993.601666 27.536759
1403636993.651666 26.960697
1403636993.701667 27.311143
1403636993.751667 24.253139
1403636993.801666 25.075387
1403636993.851666 23.824262
1403636993.901666 25.898334
1403636993.951667 25.805673
1403636994.001667 24.922887
1403636994.051666 24.492048
1403636994.101666 23.151431
1403636994.151666 23.901657
1403636994.201667 24.897654
1403636994.251667 24.168211
1403636994.301666 31.406244
1403636994.351666 33.080756
1403636994.401666 28.678057
1403636994.451667 24.132097
1403636994.501667 23.225980
1403636994.551666 24.263769
1403636994.601666 25.869839
1403636994.651666 24.374517
1403636994.701667 24.073621
1403636994.751667 24.186498
1403636994.801666 25.230311
1403636994.851666 25.506003
1403636994.901666 27.450616
1403636994.951667 24.624867
1403636995.001667 23.766024
1403636995.051666 24.193172
1403636995.101666 25.727151
1403636995.151666 23.207962
1403636995.201667 22.639612
1403636995.251667 23.497131
1403636995.301666 24.981065
1403636995.351666 16.487082
1403636995.401666 28.966047
1403636995.451667 30.828035
1403636995.501667 24.525945
1403636995.551666 23.961805
1403636995.601666 22.956938
1403636995.651666 23.320701
1403636995.701667 28.376319
1403636995.751667 30.256690
1403636995.801666 26.392793
1403636995.851666 23.066868
1403636995.901666 24.913200
1403636995.951667 22.720456
1403636996.001667 23.141402
1403636996.051666 23.385701
1403636996.101666 23.574323
1403636996.151666 23.333437
1403636996.201667 25.029036
1403636996.251667 23.619450
1403636996.301666 23.328569
1403636996.351666 23.442585
1403636996.401666 23.908386
1403636996.451667 22.657172
1403636996.501667 23.062719
1403636996.551666 24.227624
1403636996.601666 15.636913
1403636996.651666 24.516911
1403636996.701667 23.315000
1403636996.751667 24.292550
1403636996.801666 23.183026
1403636996.851666 22.969963
1403636996.901666 26.003625
1403636996.951667 25.057366
1403636997.001667 23.795879
1403636997.051666 30.850928
1403636997.101666 27.861405
1403636997.151666 23.283401
1403636997.201667 24.690355
1403636997.251667 23.725736
1403636997.301666 26.549175
1403636997.351666 32.617597
1403636997.401666 32.582642
1403636997.451667 33.748937
1403636997.501667 22.381534
1403636997.551666 24.716957
1403636997.601666 14.331746
1403636997.651666 23.635086
1403636997.701667 24.236323
1403636997.751667 23.280215
1403636997.801666 24.175630
1403636997.851666 23.163386
1403636997.901666 22.689877
1403636997.951667 23.326892
1403636998.001667 33.059454
1403636998.051666 15.670685
1403636998.101666 17.312642
1403636998.151666 18.910293
1403636998.201667 27.067624
1403636998.251667 18.694971
1403636998.301666 29.276255
1403636998.351666 28.951257
1403636998.401666 17.253605
1403636998.451667 30.255671
1403636998.501667 15.745841
1403636998.551666 24.313399
1403636998.601666 22.349205
1403636998.651666 22.911578
1403636998.701667 23.707555
1403636998.751667 22.996703
1403636998.801666 23.127667
1403636998.851666 15.879516
1403636998.901666 24.289811
1403636998.951667 16.388685
1403636999.001667 30.804774
1403636999.051666 31.504205
1403636999.101666 32.090959
1403636999.151666 27.755681
1403636999.201667 22.868285
1403636999.251667 15.098963
1403636999.301666 23.739435
1403636999.351666 23.502832
1403636999.401666 23.974436
1403636999.451667 24.358354
1403636999.501667 22.452987
1403636999.551666 15.627478
1403636999.601666 14.897341
1403636999.651666 16.036633
1403636999.701667 24.110579
1403636999.751667 29.033754
1403636999.801666 24.352258
1403636999.851666 22.510997
1403636999.901666 14.691578
1403636999.951667 22.398857
1403637000.001667 23.279624
1403637000.051666 24.881344
1403637000.101666 23.213792
1403637000.151666 22.792042
1403637000.201667 15.259170
1403637000.251667 23.972879
1403637000.301666 21.937482
1403637000.351666 22.088707
1403637000.401666 22.968917
1403637000.451667 22.932790
1403637000.501667 23.937479
1403637000.551666 15.420850
1403637000.601666 24.960590
1403637000.651666 24.626483
1403637000.701667 23.961349
1403637000.751667 23.493370
1403637000.801666 23.141947
1403637000.851666 22.213121
1403637000.901666 22.932739
1403637000.951667 25.463984
1403637001.001667 23.303198
1403637001.051666 15.155353
1403637001.101666 22.304845
1403637001.151666 22.921300
1403637001.201667 22.637924
1403637001.251667 14.754733
1403637001.301666 24.367789
1403637001.351666 16.171746
1403637001.401666 22.800717
1403637001.451667 24.422888
1403637001.501667 25.009108
1403637001.551666 16.733176
1403637001.601666 27.047001
1403637001.651666 24.863692
1403637001.701667 28.258102
1403637001.751667 23.111529
1403637001.801666 20.007201
1403637001.851666 23.921385
1403637001.901666 24.285496
1403637001.951667 23.185438
1403637002.001667 22.245778
1403637002.051666 22.805128
1403637002.101666 26.693344
1403637002.151666 23.650405
1403637002.201667 22.809915
1403637002.251667 23.658954
1403637002.301666 21.887495
1403637002.351666 15.699320
1403637002.401666 22.234056
1403637002.451667 22.909552
1403637002.501667 22.155193
1403637002.551666 23.262463
1403637002.601666 22.163480
1403637002.651666 18.980536
1403637002.701667 30.970714
1403637002.751667 24.281784
1403637002.801666 22.776967
1403637002.851666 22.772176
1403637002.901666 23.252970
1403637002.951667 26.182849
1403637003.001667 24.561802
1403637003.051666 23.471435
1403637003.101666 22.342377
1403637003.151666 30.155491
1403637003.201667 23.639313
1403637003.251667 30.445569
1403637003.301666 25.534923
1403637003.351666 23.490777
1403637003.401666 22.860804
1403637003.451667 23.201335
1403637003.501667 22.323644
1403637003.551666 24.503473
1403637003.601666 24.169926
1403637003.651666 24.027037
1403637003.701667 23.320092
1403637003.751667 23.969534
1403637003.801666 22.926723
1403637003.851666 24.165546
1403637003.901666 25.034444
1403637003.951667 24.697651
1403637004.001667 25.035849
1403637004.051666 25.429307
1403637004.101666 24.383979
1403637004.151666 31.808855
1403637004.201667 27.722595
1403637004.251667 31.698564
1403637004.301666 27.008708
1403637004.351666 30.763887
1403637004.401666 28.464946
1403637004.451667 26.194576
1403637004.501667 24.179734
1403637004.551666 22.764829
1403637004.601666 24.536052
1403637004.651666 27.219625
1403637004.701667 23.844724
1403637004.751667 25.522451
1403637004.801666 24.221252
1403637004.851666 24.122623
1403637004.901666 24.332035
1403637004.951667 25.435863
1403637005.001667 23.930859
1403637005.051666 25.811358
1403637005.101666 26.199279
1403637005.151666 24.293307
1403637005.201667 26.143332
1403637005.251667 26.231981
1403637005.301666 28.125887
1403637005.351666 28.880644
1403637005.401666 24.882045
1403637005.451667 24.608558
1403637005.501667 24.975839
1403637005.551666 24.559793
1403637005.601666 24.349848
1403637005.651666 24.395466
1403637005.701667 25.057209
1403637005.751667 24.649467
1403637005.801666 23.526058
1403637005.851666 26.386144
1403637005.901666 25.533321
1403637005.951667 24.132772
1403637006.001667 23.721266
1403637006.051666 18.592188
1403637006.101666 25.816923
1403637006.151666 24.109680
1403637006.201667 25.595875
1403637006.251667 16.346648
1403637006.301666 24.152934
1403637006.351666 30.500345
1403637006.401666 28.131101
1403637006.451667 32.339543
1403637006.501667 26.237001
1403637006.551666 31.390914
1403637006.601666 27.872675
1403637006.651666 24.714037
1403637006.701667 25.678272
1403637006.751667 24.175176
1403637006.801666 26.001781
1403637006.851666 24.892873
1403637006.901666 32.068452
1403637006.951667 26.569037
1403637007.001667 27.551042
1403637007.051666 27.002032
1403637007.101666 28.144392
1403637007.151666 25.154984
1403637007.201667 27.986986
1403637007.251667 24.842929
1403637007.301666 25.881681
1403637007.351666 32.245539
1403637007.401666 18.532608
1403637007.451667 24.968667
1403637007.501667 26.336523
1403637007.551666 26.163619
1403637007.601666 25.272984
1403637007.651666 25.209470
1403637007.701667 31.337654
1403637007.751667 25.369119
1403637007.801666 26.470031
1403637007.851666 25.662614
1403637007.901666 28.619592
1403637007.951667 27.892501
1403637008.001667 26.817850
1403637008.051666 26.048108
1403637008.101666 26.277900
1403637008.151666 27.104165
1403637008.201667 30.226707
1403637008.251667 26.920819
1403637008.301666 27.448767
1403637008.351666 26.130185
1403637008.401666 24.431752
1403637008.451667 27.066770
1403637008.501667 25.888020
1403637008.551666 27.009161
1403637008.601666 25.701720
1403637008.651666 24.698964
1403637008.701667 17.291695
1403637008.751667 18.276235
1403637008.801666 26.329980
1403637008.851666 32.079842
1403637008.901666 26.512069
1403637008.951667 30.064168
1403637009.001667 30.834838
1403637009.051666 25.952403
1403637009.101666 30.616236
1403637009.151666 28.918515
1403637009.201667 26.690942
1403637009.251667 26.976277
1403637009.301666 28.368628
1403637009.351666 28.465269
1403637009.401666 26.768042
1403637009.451667 26.755917
1403637009.501667 25.942914
1403637009.551666 27.836245
1403637009.601666 30.800578
1403637009.651666 28.413247
1403637009.701667 29.362575
1403637009.751667 28.666663
1403637009.801666 29.062276
1403637009.851666 24.491181
1403637009.901666 29.115563
1403637009.951667 22.263505
1403637010.001667 24.382841
1403637010.051666 25.063756
1403637010.101666 24.183021
1403637010.151666 20.310035
1403637010.201667 17.021892
1403637010.251667 17.129706
1403637010.301666 16.270018
1403637010.351666 16.736351
1403637010.401666 15.888687
1403637010.451667 16.372073
1403637010.501667 17.035506
1403637010.551666 16.348951
1403637010.601666 16.722784
