1403638127.345097 95.783868
1403638127.395097 22.005574
1403638127.445097 17.051928
1403638127.495097 19.717209
1403638127.545097 19.294430
1403638127.595097 18.268465
1403638127.645097 18.729489
1403638127.695097 17.572901
1403638127.745097 15.914473
1403638127.795097 25.903264
1403638127.845097 17.509168
1403638127.895097 16.155465
1403638127.945097 17.310724
1403638127.995097 17.020635
1403638128.045097 16.216158
1403638128.095097 17.476337
1403638128.145097 25.078234
1403638128.195097 17.547472
1403638128.245097 16.889246
1403638128.295097 25.769935
1403638128.345097 16.447326
1403638128.395097 17.670470
1403638128.445097 17.335698
1403638128.495097 16.432012
1403638128.545097 18.015344
1403638128.595097 16.930274
1403638128.645097 17.368365
1403638128.695097 17.337082
1403638128.745097 26.179929
1403638128.795097 18.475643
1403638128.845097 18.929125
1403638128.895097 17.896345
1403638128.945097 25.550986
1403638128.995097 17.296670
1403638129.045097 18.288412
1403638129.095097 25.032474
1403638129.145097 27.669611
1403638129.195097 26.793649
1403638129.245097 32.991196
1403638129.295097 27.052496
1403638129.345097 27.296182
1403638129.395097 25.704655
1403638129.445097 26.644874
1403638129.495097 24.811449
1403638129.545097 32.054507
1403638129.595097 23.849600
1403638129.645097 33.796044
1403638129.695097 25.933581
1403638129.745097 28.618058
1403638129.795097 26.274135
1403638129.845097 26.038167
1403638129.895097 25.383615
1403638129.945097 26.010687
1403638129.995097 27.039915
1403638130.045097 27.147386
1403638130.095097 25.700460
1403638130.145097 23.764185
1403638130.195097 27.146812
1403638130.245097 24.696537
1403638130.295097 23.516490
1403638130.345097 23.646681
1403638130.395097 24.523054
1403638130.445097 22.956829
1403638130.495097 23.614036
1403638130.545097 23.596574
1403638130.595097 23.949676
1403638130.645097 25.680286
1403638130.695097 22.936098
1403638130.745097 30.067775
1403638130.795097 25.786467
1403638130.845097 34.031380
1403638130.895097 24.328784
1403638130.945097 31.356624
1403638130.995097 28.011570
1403638131.045097 24.176156
1403638131.095097 24.432041
1403638131.145097 22.023828
1403638131.195097 23.363373
1403638131.245097 30.541605
1403638131.295097 29.061860
1403638131.345097 32.276933
1403638131.395097 29.193310
1403638131.445097 33.743042
1403638131.495097 24.769064
1403638131.545097 26.966619
1403638131.595097 25.650446
1403638131.645097 24.230422
1403638131.695097 25.917124
1403638131.745097 32.486246
1403638131.795097 25.466942
1403638131.845097 25.264214
1403638131.895097 26.179794
1403638131.945097 25.164800
1403638131.995097 25.618376
1403638132.045097 25.922534
1403638132.095097 24.421746
1403638132.145097 25.109887
1403638132.195097 25.498879
1403638132.245097 25.655859
1403638132.295097 25.241925
1403638132.345097 24.143937
1403638132.395097 24.324094
1403638132.445097 25.313515
1403638132.495097 24.127270
1403638132.545097 25.350325
1403638132.595097 24.645623
1403638132.645097 30.379354
1403638132.695097 23.829866
1403638132.745097 21.562700
1403638132.795097 23.617569
1403638132.845097 22.352788
1403638132.895097 21.905422
1403638132.945097 29.913333
1403638132.995097 23.348279
1403638133.045097 30.216510
1403638133.095097 27.184917
1403638133.145097 23.871575
1403638133.195097 24.477679
1403638133.245097 27.295085
1403638133.295097 25.042760
1403638133.345097 22.859233
1403638133.395097 23.902458
1403638133.445097 25.147792
1403638133.495097 25.584496
1403638133.545097 25.855710
1403638133.595097 26.884773
1403638133.645097 26.509372
1403638133.695097 25.376663
1403638133.745097 25.301847
1403638133.795097 24.015293
1403638133.845097 27.736654
1403638133.895097 29.547011
1403638133.945097 25.346875
1403638133.995097 23.323449
1403638134.045097 25.412110
1403638134.095097 25.747610
1403638134.145097 26.441937
1403638134.195097 26.215834
1403638134.245097 26.683040
1403638134.295097 24.662888
1403638134.345097 23.747286
1403638134.395097 26.732516
1403638134.445097 31.013321
1403638134.495097 24.195275
1403638134.545097 23.426890
1403638134.595097 22.658409
1403638134.645097 23.355154
1403638134.695097 22.783316
1403638134.745097 24.444657
1403638134.795097 25.601873
1403638134.845097 23.552029
1403638134.895097 30.270831
1403638134.945097 24.169923
1403638134.995097 23.145372
1403638135.045097 23.616479
1403638135.095097 22.079763
1403638135.145097 22.185619
1403638135.195097 24.261154
1403638135.245097 24.760451
1403638135.295097 22.425319
1403638135.345097 23.543857
1403638135.395097 24.655416
1403638135.445097 26.010082
1403638135.495097 25.893445
1403638135.545097 25.718476
1403638135.595097 24.888410
1403638135.645097 25.056417
1403638135.695097 24.734616
1403638135.745097 25.729059
1403638135.795097 25.316083
1403638135.845097 23.384765
1403638135.895097 25.232418
1403638135.945097 24.552992
1403638135.995097 24.362007
1403638136.045097 25.444948
1403638136.095097 25.380742
1403638136.145097 24.062452
1403638136.195097 26.317940
1403638136.245097 25.922814
1403638136.295097 23.995111
1403638136.345097 26.751466
1403638136.395097 30.283295
1403638136.445097 26.556817
1403638136.495097 26.241908
1403638136.545097 27.519867
1403638136.595097 27.284731
1403638136.645097 24.683402
1403638136.695097 25.940015
1403638136.745097 25.356154
1403638136.795097 25.447709
1403638136.845097 23.654319
1403638136.895097 23.484366
1403638136.945097 25.993196
1403638136.995097 29.173485
1403638137.045097 26.690457
1403638137.095097 26.507663
1403638137.145097 33.263340
1403638137.195097 32.161866
1403638137.245097 34.542892
1403638137.295097 26.613718
1403638137.345097 26.673618
1403638137.395097 26.269351
1403638137.445097 36.133788
1403638137.495097 30.457072
1403638137.545097 30.884986
1403638137.595097 29.778770
1403638137.645097 29.898382
1403638137.695097 27.830782
1403638137.745097 30.224484
1403638137.795097 30.460121
1403638137.845097 31.014700
1403638137.895097 31.040040
1403638137.945097 31.275003
1403638137.995097 31.705732
1403638138.045097 28.569695
1403638138.095097 26.861201
1403638138.145097 28.497293
1403638138.195097 31.361690
1403638138.245097 27.576238
1403638138.295097 33.300301
1403638138.345097 28.038364
1403638138.395097 19.418862
1403638138.445097 19.955981
1403638138.495097 28.137436
1403638138.545097 19.560803
1403638138.595097 18.656156
1403638138.645097 22.143746
1403638138.695097 19.019957
1403638138.745097 20.920657
1403638138.795097 18.355752
1403638138.845097 17.928081
1403638138.895097 26.069621
1403638138.945097 26.107897
1403638138.995097 26.650198
1403638139.045097 18.721665
1403638139.095097 18.351552
1403638139.145097 17.808716
1403638139.195097 19.200268
1403638139.245097 19.222624
1403638139.295097 17.920566
1403638139.345097 21.882269
1403638139.395097 16.824832
1403638139.445097 18.568288
1403638139.495097 18.531515
1403638139.545097 17.754643
1403638139.595097 17.517649
1403638139.645097 18.698507
1403638139.695097 17.588714
1403638139.745097 18.676070
1403638139.795097 17.796161
1403638139.845097 20.084624
1403638139.895097 17.318537
1403638139.945097 19.499120
1403638139.995097 16.602221
1403638140.045097 18.573402
1403638140.095097 17.290679
1403638140.145097 19.697134
1403638140.195097 18.734706
1403638140.245097 23.638156
1403638140.295097 17.768151
1403638140.345097 19.654559
1403638140.395097 17.375497
1403638140.445097 22.495855
1403638140.495097 17.044763
1403638140.545097 18.365588
1403638140.595097 18.212266
1403638140.645097 19.134387
1403638140.695097 17.846043
1403638140.745097 16.268080
1403638140.795097 17.297592
1403638140.845097 18.156722
1403638140.895097 17.714718
1403638140.945097 18.512605
1403638140.995097 16.847298
1403638141.045097 17.816971
1403638141.095097 17.264428
1403638141.145097 18.356909
1403638141.195097 17.336471
1403638141.245097 17.922794
1403638141.295097 17.185366
1403638141.345097 23.290297
1403638141.395097 17.018747
1403638141.445097 17.720713
1403638141.495097 17.753919
1403638141.545097 17.454642
1403638141.595097 17.535976
1403638141.645097 17.665002
1403638141.695097 17.750262
1403638141.745097 18.270514
1403638141.795097 17.242316
1403638141.845097 18.894536
1403638141.895097 18.664978
1403638141.945097 17.756595
1403638141.995097 17.728794
1403638142.045097 18.721562
1403638142.095097 16.784394
1403638142.145097 22.640340
1403638142.195097 17.592146
1403638142.245097 17.580259
1403638142.295097 17.293595
1403638142.345097 18.069579
1403638142.395097 17.346028
1403638142.445097 18.467660
1403638142.495097 17.350706
1403638142.545097 18.335698
1403638142.595097 17.679762
1403638142.645097 18.743941
1403638142.695097 16.703289
1403638142.745097 27.381323
1403638142.795097 17.131784
1403638142.845097 18.990628
1403638142.895097 17.652453
1403638142.945097 19.324120
1403638142.995097 25.680840
1403638143.045097 26.483065
1403638143.095097 17.571496
1403638143.145097 18.941328
1403638143.195097 17.891289
1403638143.245097 19.603041
1403638143.295097 17.096452
1403638143.345097 18.332065
1403638143.395097 17.657741
1403638143.445097 18.444436
1403638143.495097 18.136040
1403638143.545097 17.430109
1403638143.595097 17.668679
1403638143.645097 17.602819
1403638143.695097 17.405129
1403638143.745097 18.790353
1403638143.795097 17.273849
1403638143.845097 19.151823
1403638143.895097 16.921033
1403638143.945097 18.546562
1403638143.995097 17.399322
1403638144.045097 17.028872
1403638144.095097 17.529533
1403638144.145097 18.094085
1403638144.195097 16.949802
1403638144.245097 19.161346
1403638144.295097 17.357286
1403638144.345097 18.491462
1403638144.395097 17.324347
1403638144.445097 18.341255
1403638144.495097 17.403110
1403638144.545097 19.268837
1403638144.595097 17.211145
1403638144.645097 18.936744
1403638144.695097 17.588291
1403638144.745097 18.714087
1403638144.795097 18.021282
1403638144.845097 24.586304
1403638144.895097 17.786615
1403638144.945097 18.022005
1403638144.995097 17.532592
1403638145.045097 18.698467
1403638145.095097 17.102889
1403638145.145097 18.254480
1403638145.195097 17.939133
1403638145.245097 18.259392
1403638145.295097 16.647923
1403638145.345097 18.086473
1403638145.395097 17.356139
1403638145.445097 19.166053
1403638145.495097 17.161494
1403638145.545097 18.796708
1403638145.595097 16.989853
1403638145.645097 18.915869
1403638145.695097 17.487981
1403638145.745097 17.013761
1403638145.795097 17.515644
1403638145.845097 18.443932
1403638145.895097 17.751645
1403638145.945097 23.197898
1403638145.995097 18.331979
1403638146.045097 19.011518
1403638146.095097 18.260440
1403638146.145097 19.116194
1403638146.195097 16.984588
1403638146.245097 17.419421
1403638146.295097 17.029898
1403638146.345097 18.363346
1403638146.395097 17.654809
1403638146.445097 18.706079
1403638146.495097 16.872396
1403638146.545097 17.786765
1403638146.595097 16.937266
1403638146.645097 18.326294
1403638146.695097 17.800407
1403638146.745097 18.278869
1403638146.795097 16.878480
1403638146.845097 18.177328
1403638146.895097 17.060496
1403638146.945097 19.035960
1403638146.995097 16.618047
1403638147.045097 22.477894
1403638147.095097 17.260189
1403638147.145097 19.859148
1403638147.195097 17.626951
1403638147.245097 17.233350
1403638147.295097 17.203146
1403638147.345097 23.023290
1403638147.395097 19.142323
1403638147.445097 19.271024
1403638147.495097 17.812116
1403638147.545097 19.300912
1403638147.595097 18.388255
1403638147.645097 19.702904
1403638147.695097 17.193873
1403638147.745097 17.157358
1403638147.795097 27.091716
1403638147.845097 26.951799
1403638147.895097 25.421788
1403638147.945097 29.325922
1403638147.995097 28.898335
1403638148.045097 26.653050
1403638148.095097 27.292466
1403638148.145097 27.238481
1403638148.195097 27.889414
1403638148.245097 33.310938
1403638148.295097 27.725348
1403638148.345097 25.385481
1403638148.395097 28.125369
1403638148.445097 26.924656
1403638148.495097 24.068507
1403638148.545097 25.077528
1403638148.595097 24.454723
1403638148.645097 24.673789
1403638148.695097 23.705718
1403638148.745097 23.356479
1403638148.795097 25.072215
1403638148.845097 24.700461
1403638148.895097 25.774727
1403638148.945097 24.335820
1403638148.995097 23.677947
1403638149.045097 25.315285
1403638149.095097 27.327351
1403638149.145097 25.481962
1403638149.195097 23.783530
1403638149.245097 26.763991
1403638149.295097 24.147487
1403638149.345097 24.701628
1403638149.395097 25.243877
1403638149.445097 22.131878
1403638149.495097 23.040166
1403638149.545097 23.421592
1403638149.595097 24.475839
1403638149.645097 25.410647
1403638149.695097 21.141526
1403638149.745097 22.866289
1403638149.795097 23.780468
1403638149.845097 23.290920
1403638149.895097 22.149343
1403638149.945097 14.683666
1403638149.995097 26.045631
1403638150.045097 23.859253
1403638150.095097 22.855159
1403638150.145097 19.585026
1403638150.195097 28.973646
1403638150.245097 24.322363
1403638150.295097 22.415116
1403638150.345097 23.330376
1403638150.395097 23.961145
1403638150.445097 23.110222
1403638150.495097 23.498578
1403638150.545097 22.995795
1403638150.595097 23.379766
1403638150.645097 22.841047
1403638150.695097 26.272756
1403638150.745097 31.505147
1403638150.795097 28.748700
1403638150.845097 30.348864
1403638150.895097 25.833673
1403638150.945097 23.145551
1403638150.995097 24.508673
1403638151.045097 25.125735
1403638151.095097 30.366640
1403638151.145097 31.462057
1403638151.195097 25.401548
1403638151.245097 22.432014
1403638151.295097 25.358157
1403638151.345097 30.369034
1403638151.395097 30.163339
1403638151.445097 29.972207
1403638151.495097 26.056262
1403638151.545097 25.735815
1403638151.595097 25.663776
1403638151.645097 24.309314
1403638151.695097 24.376402
1403638151.745097 24.605759
1403638151.795097 23.914331
1403638151.845097 23.698587
1403638151.895097 25.173744
1403638151.945097 28.509925
1403638151.995097 26.952605
1403638152.045097 26.031238
1403638152.095097 22.960208
1403638152.145097 26.259730
1403638152.195097 26.330368
1403638152.245097 24.239807
1403638152.295097 24.346437
1403638152.345097 24.933215
1403638152.395097 26.494610
1403638152.445097 25.916638
1403638152.495097 26.165286
1403638152.545097 30.942730
1403638152.595097 27.089401
1403638152.645097 31.723532
1403638152.695097 30.771355
1403638152.745097 26.382038
1403638152.795097 25.048346
1403638152.845097 23.204978
1403638152.895097 25.851709
1403638152.945097 30.078504
1403638152.995097 30.810163
1403638153.045097 24.523641
1403638153.095097 22.431250
1403638153.145097 31.616978
1403638153.195097 30.390434
1403638153.245097 29.520225
1403638153.295097 25.594897
1403638153.345097 24.286040
1403638153.395097 26.398480
1403638153.445097 24.602163
1403638153.495097 24.260698
1403638153.545097 24.874360
1403638153.595097 25.397556
1403638153.645097 25.615424
1403638153.695097 23.891377
1403638153.745097 30.960180
1403638153.795097 28.921806
1403638153.845097 30.559201
1403638153.895097 29.389725
1403638153.945097 24.876527
1403638153.995097 25.212077
1403638154.045097 22.862727
1403638154.095097 24.333268
1403638154.145097 23.514049
1403638154.195097 25.876556
1403638154.245097 23.742940
1403638154.295097 26.173895
1403638154.345097 30.711875
1403638154.395097 23.913051
1403638154.445097 24.224321
1403638154.495097 23.802452
1403638154.545097 25.195340
1403638154.595097 24.016349
1403638154.645097 23.244640
1403638154.695097 21.953546
1403638154.745097 23.850238
1403638154.795097 24.893942
1403638154.845097 23.640988
1403638154.895097 24.595898
1403638154.945097 24.963040
1403638154.995097 26.203641
1403638155.045097 24.259738
1403638155.095097 24.465680
1403638155.145097 25.825399
1403638155.195097 29.640703
1403638155.245097 30.549946
1403638155.295097 28.661876
1403638155.345097 23.245273
1403638155.395097 32.465661
1403638155.445097 29.072087
1403638155.495097 23.710816
1403638155.545097 23.311231
1403638155.595097 24.222193
1403638155.645097 25.033627
1403638155.695097 24.071449
1403638155.745097 23.516724
1403638155.795097 25.269705
1403638155.845097 24.670971
1403638155.895097 23.889547
1403638155.945097 31.756114
1403638155.995097 32.772349
1403638156.045097 31.915225
1403638156.095097 30.945502
1403638156.145097 31.510993
1403638156.195097 25.695127
1403638156.245097 24.168712
1403638156.295097 24.451012
1403638156.345097 23.663512
1403638156.395097 26.464719
1403638156.445097 24.321524
1403638156.495097 24.664403
1403638156.545097 23.564680
1403638156.595097 25.821372
1403638156.645097 23.889763
1403638156.695097 23.857664
1403638156.745097 24.243210
1403638156.795097 29.914909
1403638156.845097 23.953903
1403638156.895097 24.219102
1403638156.945097 25.254678
1403638156.995097 25.724793
1403638157.045097 23.735227
1403638157.095097 22.588053
1403638157.145097 24.468979
1403638157.195097 24.492929
1403638157.245097 24.691900
1403638157.295097 23.766164
1403638157.345097 23.366748
1403638157.395097 23.013475
1403638157.445097 23.964868
1403638157.495097 24.298622
1403638157.545097 22.468623
1403638157.595097 23.232731
1403638157.645097 25.041809
1403638157.695097 22.094163
1403638157.745097 24.558308
1403638157.795097 24.461393
1403638157.845097 23.959823
1403638157.895097 25.297207
1403638157.945097 24.807656
1403638157.995097 23.871313
1403638158.045097 25.606719
1403638158.095097 24.401131
1403638158.145097 23.944386
1403638158.195097 25.164834
1403638158.245097 25.957958
1403638158.295097 25.671512
1403638158.345097 26.011182
1403638158.395097 31.145046
1403638158.445097 27.105960
1403638158.495097 24.013032
1403638158.545097 25.452022
1403638158.595097 24.649599
1403638158.645097 23.777961
1403638158.695097 31.247727
1403638158.745097 31.771084
1403638158.795097 34.339266
1403638158.845097 30.135717
1403638158.895097 24.737151
1403638158.945097 25.838344
1403638158.995097 24.183886
1403638159.045097 30.919580
1403638159.095097 28.822846
1403638159.145097 32.131447
1403638159.195097 27.355735
1403638159.245097 31.330497
1403638159.295097 29.070919
1403638159.345097 30.741072
1403638159.395097 30.707172
1403638159.445097 25.339693
1403638159.495097 25.423331
1403638159.545097 24.240515
1403638159.595097 24.635439
1403638159.645097 24.066242
1403638159.695097 24.377952
1403638159.745097 25.356263
1403638159.795097 24.449504
1403638159.845097 22.986637
1403638159.895097 24.995500
1403638159.945097 24.864855
1403638159.995097 25.221412
1403638160.045097 24.491333
1403638160.095097 25.401660
1403638160.145097 31.054215
1403638160.195097 31.407417
1403638160.245097 33.473986
1403638160.295097 27.178875
1403638160.345097 29.964547
1403638160.395097 24.077761
1403638160.445097 26.384824
1403638160.495097 31.363640
1403638160.545097 27.387366
1403638160.595097 25.031619
1403638160.645097 23.750743
1403638160.695097 24.627324
1403638160.745097 24.508841
1403638160.795097 25.390545
1403638160.845097 24.040500
1403638160.895097 24.103039
1403638160.945097 23.685748
1403638160.995097 25.227994
1403638161.045097 27.096626
1403638161.095097 29.791454
1403638161.145097 31.717060
1403638161.195097 24.416800
1403638161.245097 26.323568
1403638161.295097 24.888580
1403638161.345097 31.917506
1403638161.395097 27.953223
1403638161.445097 22.569856
1403638161.495097 25.602244
1403638161.545097 23.138551
1403638161.595097 24.830846
1403638161.645097 17.339157
1403638161.695097 25.500916
1403638161.745097 24.632574
1403638161.795097 29.512868
1403638161.845097 24.821003
1403638161.895097 25.141873
1403638161.945097 23.771816
1403638161.995097 25.531995
1403638162.045097 25.068770
1403638162.095097 25.015520
1403638162.145097 23.614596
1403638162.195097 25.284701
1403638162.245097 23.605597
1403638162.295097 23.942623
1403638162.345097 24.140679
1403638162.395097 25.745767
1403638162.445097 23.985716
1403638162.495097 24.878827
1403638162.545097 22.583321
1403638162.595097 23.805173
1403638162.645097 23.199620
1403638162.695097 24.718298
1403638162.745097 24.355156
1403638162.795097 25.634827
1403638162.845097 23.598141
1403638162.895097 27.609808
1403638162.945097 29.910435
1403638162.995097 29.844135
1403638163.045097 31.941503
1403638163.095097 28.398949
1403638163.145097 31.483399
1403638163.195097 28.276500
1403638163.245097 24.197915
1403638163.295097 25.024829
1403638163.345097 23.853994
1403638163.395097 26.816444
1403638163.445097 24.143549
1403638163.495097 25.510460
1403638163.545097 24.389081
1403638163.595097 24.842967
1403638163.645097 24.255217
1403638163.695097 24.369731
1403638163.745097 24.310752
1403638163.795097 25.183532
1403638163.845097 23.394328
1403638163.895097 23.505691
1403638163.945097 26.552836
1403638163.995097 25.089802
1403638164.045097 23.111872
1403638164.095097 23.107019
1403638164.145097 23.538640
1403638164.195097 25.302432
1403638164.245097 23.723966
1403638164.295097 25.089516
1403638164.345097 23.601389
1403638164.395097 25.871307
1403638164.445097 26.415520
1403638164.495097 25.713286
1403638164.545097 24.926106
1403638164.595097 23.183399
1403638164.645097 23.658417
1403638164.695097 23.744774
1403638164.745097 26.714895
1403638164.795097 25.730281
1403638164.845097 23.931966
1403638164.895097 26.864376
1403638164.945097 26.111602
1403638164.995097 25.409207
1403638165.045097 25.085058
1403638165.095097 24.659189
1403638165.145097 24.323152
1403638165.195097 25.296175
1403638165.245097 24.882099
1403638165.295097 24.164577
1403638165.345097 24.770333
1403638165.395097 26.289035
1403638165.445097 22.359054
1403638165.495097 25.012136
1403638165.545097 24.508143
1403638165.595097 22.690800
1403638165.645097 26.155681
1403638165.695097 23.198885
1403638165.745097 23.591219
1403638165.795097 24.506834
1403638165.845097 24.074574
1403638165.895097 23.911533
1403638165.945097 24.429824
1403638165.995097 23.722084
1403638166.045097 24.304600
1403638166.095097 23.329436
1403638166.145097 23.117567
1403638166.195097 24.272207
1403638166.245097 23.395607
1403638166.295097 23.234403
1403638166.345097 24.634666
1403638166.395097 23.871025
1403638166.445097 27.533777
1403638166.495097 24.516965
1403638166.545097 25.244717
1403638166.595097 24.389550
1403638166.645097 23.074391
1403638166.695097 23.020194
1403638166.745097 24.500436
1403638166.795097 23.931576
1403638166.845097 26.448493
1403638166.895097 23.868826
1403638166.945097 26.956139
1403638166.995097 24.079692
1403638167.045097 23.470609
1403638167.095097 25.557464
1403638167.145097 24.005275
1403638167.195097 27.388795
1403638167.245097 32.458000
1403638167.295097 25.102731
1403638167.345097 23.555179
1403638167.395097 28.325579
1403638167.445097 23.861431
1403638167.495097 25.912117
1403638167.545097 24.320109
1403638167.595097 25.185773
1403638167.645097 23.509045
1403638167.695097 24.367979
1403638167.745097 23.608103
1403638167.795097 27.282700
1403638167.845097 26.292055
1403638167.895097 25.959738
1403638167.945097 24.107163
1403638167.995097 24.871771
1403638168.045097 23.842078
1403638168.095097 24.979894
1403638168.145097 23.028108
1403638168.195097 24.979675
1403638168.245097 29.687531
1403638168.295097 28.754158
1403638168.345097 32.583443
1403638168.395097 32.334316
1403638168.445097 26.746394
1403638168.495097 24.619857
1403638168.545097 25.248856
1403638168.595097 28.520527
1403638168.645097 25.405847
1403638168.695097 23.997623
1403638168.745097 24.957860
1403638168.795097 25.659932
1403638168.845097 22.952703
1403638168.895097 26.262913
1403638168.945097 23.980919
1403638168.995097 24.228705
1403638169.045097 23.713246
1403638169.095097 24.081973
1403638169.145097 25.126111
1403638169.195097 25.043541
1403638169.245097 24.859841
1403638169.295097 24.746631
1403638169.345097 24.493339
1403638169.395097 25.888633
1403638169.445097 24.601660
1403638169.495097 25.214676
1403638169.545097 23.522786
1403638169.595097 25.059402
1403638169.645097 24.497217
1403638169.695097 22.703049
1403638169.745097 24.026929
1403638169.795097 23.762854
1403638169.845097 31.339115
1403638169.895097 25.348833
1403638169.945097 24.217246
1403638169.995097 25.119532
1403638170.045097 23.950259
1403638170.095097 26.621528
1403638170.145097 23.842692
1403638170.195097 24.669734
1403638170.245097 25.016951
1403638170.295097 23.100339
1403638170.345097 23.863945
1403638170.395097 23.711744
1403638170.445097 21.734819
1403638170.495097 23.342965
1403638170.545097 22.591299
1403638170.595097 23.933057
1403638170.645097 22.700410
1403638170.695097 21.707737
1403638170.745097 29.702367
1403638170.795097 28.053550
1403638170.845097 30.011785
1403638170.895097 25.445434
1403638170.945097 31.160306
1403638170.995097 25.872945
1403638171.045097 23.487289
1403638171.095097 23.057423
1403638171.145097 30.723994
1403638171.195097 28.105563
1403638171.245097 31.227582
1403638171.295097 29.066324
1403638171.345097 30.870136
1403638171.395097 26.700402
1403638171.445097 29.959161
1403638171.495097 26.619855
1403638171.545097 25.452402
1403638171.595097 22.992089
1403638171.645097 24.507389
1403638171.695097 24.763506
1403638171.745097 22.910295
1403638171.795097 27.279958
1403638171.845097 24.285798
1403638171.895097 26.042992
1403638171.945097 23.643827
1403638171.995097 25.246124
1403638172.045097 23.903868
1403638172.095097 22.665539
1403638172.145097 24.352906
1403638172.195097 24.509765
1403638172.245097 27.714210
1403638172.295097 24.065878
1403638172.345097 24.795644
1403638172.395097 27.235405
1403638172.445097 23.049469
1403638172.495097 27.913397
1403638172.545097 24.714861
1403638172.595097 26.119608
1403638172.645097 23.333123
1403638172.695097 23.039735
1403638172.745097 31.479007
1403638172.795097 27.947143
1403638172.845097 23.751101
1403638172.895097 31.056119
1403638172.945097 31.827967
1403638172.995097 27.236573
1403638173.045097 24.070369
1403638173.095097 23.313944
1403638173.145097 25.091371
1403638173.195097 25.807533
1403638173.245097 24.813916
1403638173.295097 27.466596
1403638173.345097 30.924680
1403638173.395097 30.593831
1403638173.445097 25.911653
1403638173.495097 24.428551
1403638173.545097 26.209620
1403638173.595097 25.503317
1403638173.645097 31.048384
1403638173.695097 27.128355
1403638173.745097 31.106900
1403638173.795097 28.369292
1403638173.845097 32.114100
1403638173.895097 26.930225
1403638173.945097 31.801719
1403638173.995097 23.643001
1403638174.045097 24.412431
1403638174.095097 24.117240
1403638174.145097 23.261067
1403638174.195097 23.055630
1403638174.245097 31.777209
1403638174.295097 22.979364
1403638174.345097 23.068804
1403638174.395097 24.357793
1403638174.445097 24.759749
1403638174.495097 23.102960
1403638174.545097 25.170214
1403638174.595097 25.534279
1403638174.645097 30.874128
1403638174.695097 23.181295
1403638174.745097 25.469890
1403638174.795097 23.636538
1403638174.845097 31.738809
1403638174.895097 26.492005
1403638174.945097 32.123667
1403638174.995097 26.204323
1403638175.045097 31.024907
1403638175.095097 26.208090
1403638175.145097 30.978723
1403638175.195097 26.848922
1403638175.245097 26.143868
1403638175.295097 24.297430
1403638175.345097 23.322288
1403638175.395097 26.678525
1403638175.445097 31.670664
1403638175.495097 26.483860
1403638175.545097 31.375923
1403638175.595097 27.214755
1403638175.645097 22.606311
1403638175.695097 24.432872
1403638175.745097 23.511293
1403638175.795097 24.043098
1403638175.845097 25.227061
1403638175.895097 25.253809
1403638175.945097 23.599281
1403638175.995097 24.498373
1403638176.045097 26.601294
1403638176.095097 24.021841
1403638176.145097 23.370524
1403638176.195097 24.286975
1403638176.245097 23.895835
1403638176.295097 24.735963
1403638176.345097 25.243830
1403638176.395097 25.806281
1403638176.445097 23.707920
1403638176.495097 23.930859
1403638176.545097 24.521287
1403638176.595097 25.095280
1403638176.645097 24.246221
1403638176.695097 22.635722
1403638176.745097 21.004364
1403638176.795097 24.030547
1403638176.845097 23.870154
1403638176.895097 23.177159
1403638176.945097 22.889893
1403638176.995097 25.063880
1403638177.045097 23.904468
1403638177.095097 23.086046
1403638177.145097 23.177791
1403638177.195097 22.814966
1403638177.245097 24.633922
1403638177.295097 22.893509
1403638177.345097 23.388138
1403638177.395097 24.152543
1403638177.445097 14.864887
1403638177.495097 23.962255
1403638177.545097 23.259643
1403638177.595097 23.736300
1403638177.645097 22.350406
1403638177.695097 23.391177
1403638177.745097 21.960570
1403638177.795097 24.136959
1403638177.845097 23.221187
1403638177.895097 22.826194
1403638177.945097 23.611320
1403638177.995097 23.799881
1403638178.045097 24.791766
1403638178.095097 24.514454
1403638178.145097 23.770529
1403638178.195097 24.625762
1403638178.245097 31.209543
1403638178.295097 25.409260
1403638178.345097 24.446167
1403638178.395097 26.746251
1403638178.445097 24.719620
1403638178.495097 25.352246
1403638178.545097 23.838126
1403638178.595097 25.686432
1403638178.645097 23.685398
1403638178.695097 24.151860
1403638178.745097 24.052379
1403638178.795097 24.598472
1403638178.845097 23.799149
1403638178.895097 24.322715
1403638178.945097 23.063337
1403638178.995097 24.913052
1403638179.045097 23.865231
1403638179.095097 23.555519
1403638179.145097 22.152908
1403638179.195097 24.011577
1403638179.245097 22.960104
1403638179.295097 24.594437
1403638179.345097 30.556356
1403638179.395097 27.412990
1403638179.445097 30.537389
1403638179.495097 26.805384
1403638179.545097 23.087500
1403638179.595097 23.625180
1403638179.645097 23.142269
1403638179.695097 23.150784
1403638179.745097 26.120022
1403638179.795097 23.567959
1403638179.845097 25.552164
1403638179.895097 23.353255
1403638179.945097 27.490985
1403638179.995097 26.634432
1403638180.045097 22.391800
1403638180.095097 27.146105
1403638180.145097 24.466004
1403638180.195097 23.985416
1403638180.245097 26.305214
1403638180.295097 25.057381
1403638180.345097 24.024933
1403638180.395097 24.157028
1403638180.445097 22.766840
1403638180.495097 23.086198
1403638180.545097 22.728533
1403638180.595097 23.712830
1403638180.645097 24.252822
1403638180.695097 24.342623
1403638180.745097 23.682878
1403638180.795097 22.852194
1403638180.845097 22.469737
1403638180.895097 24.785168
1403638180.945097 24.007892
1403638180.995097 23.282915
1403638181.045097 22.743676
1403638181.095097 23.767337
1403638181.145097 24.225865
1403638181.195097 25.601124
1403638181.245097 29.224123
1403638181.295097 26.620315
1403638181.345097 29.646352
1403638181.395097 23.791272
1403638181.445097 29.542525
1403638181.495097 25.937105
1403638181.545097 22.922106
1403638181.595097 23.710249
1403638181.645097 23.932829
1403638181.695097 24.003411
1403638181.745097 23.272133
1403638181.795097 24.631002
1403638181.845097 22.889974
1403638181.895097 24.648889
1403638181.945097 22.260195
1403638181.995097 26.641602
1403638182.045097 23.364187
1403638182.095097 24.298218
1403638182.145097 24.076997
1403638182.195097 23.839437
1403638182.245097 24.968167
1403638182.295097 23.059012
1403638182.345097 24.176915
1403638182.395097 23.973612
1403638182.445097 23.095921
1403638182.495097 23.782998
1403638182.545097 24.312510
1403638182.595097 25.231684
1403638182.645097 26.352442
1403638182.695097 22.796133
1403638182.745097 21.572782
1403638182.795097 24.237808
1403638182.845097 24.701358
1403638182.895097 25.685177
1403638182.945097 23.712783
1403638182.995097 24.664585
1403638183.045097 22.719806
1403638183.095097 23.352993
1403638183.145097 22.396000
1403638183.195097 24.669700
1403638183.245097 24.228736
1403638183.295097 25.738987
1403638183.345097 24.593248
1403638183.395097 24.471266
1403638183.445097 22.458602
1403638183.495097 22.271313
1403638183.545097 24.530279
1403638183.595097 23.093534
1403638183.645097 23.532316
1403638183.695097 23.550050
1403638183.745097 23.864089
1403638183.795097 27.091991
1403638183.845097 32.259122
1403638183.895097 25.059221
1403638183.945097 23.864747
1403638183.995097 23.608297
1403638184.045097 25.072798
1403638184.095097 24.186907
1403638184.145097 22.796564
1403638184.195097 22.818744
1403638184.245097 23.631493
1403638184.295097 25.201245
1403638184.345097 22.767247
1403638184.395097 23.280391
1403638184.445097 23.491980
1403638184.495097 23.131031
1403638184.545097 24.075682
1403638184.595097 25.396111
1403638184.645097 23.034019
1403638184.695097 24.024645
1403638184.745097 23.400210
1403638184.795097 25.362830
1403638184.845097 22.282276
1403638184.895097 22.345436
1403638184.945097 23.612287
1403638184.995097 23.108156
1403638185.045097 22.500360
1403638185.095097 22.004188
1403638185.145097 22.983894
1403638185.195097 23.679554
1403638185.245097 23.009307
1403638185.295097 21.620389
1403638185.345097 22.838016
1403638185.395097 21.604811
1403638185.445097 22.295846
1403638185.495097 21.367298
1403638185.545097 21.331298
1403638185.595097 22.257896
1403638185.645097 22.442769
1403638185.695097 21.792342
1403638185.745097 21.242199
1403638185.795097 23.884714
1403638185.845097 75.464108
1403638185.895097 34.984551
1403638185.945097 22.116385
1403638185.995097 23.162153
1403638186.045097 21.617014
1403638186.095097 22.610202
1403638186.145097 23.470583
1403638186.195097 21.539081
1403638186.245097 21.204348
1403638186.295097 20.707240
1403638186.345097 20.370512
1403638186.395097 22.730892
1403638186.445097 21.390060
1403638186.495097 21.446832
1403638186.545097 22.784047
1403638186.595097 27.424128
1403638186.645097 21.928865
1403638186.695097 21.890997
1403638186.745097 22.609123
1403638186.795097 22.146949
1403638186.845097 21.755295
1403638186.895097 21.162335
1403638186.945097 21.983800
1403638186.995097 26.474547
1403638187.045097 24.055428
1403638187.095097 22.619721
1403638187.145097 27.597352
1403638187.195097 22.208152
1403638187.245097 20.327583
1403638187.295097 20.213420
1403638187.345097 27.600076
1403638187.395097 21.104425
1403638187.445097 20.220111
1403638187.495097 20.707191
1403638187.545097 26.846668
1403638187.595097 20.919681
1403638187.645097 27.069556
1403638187.695097 21.644308
1403638187.745097 20.788382
1403638187.795097 18.748396
1403638187.845097 20.338054
1403638187.895097 19.150057
1403638187.945097 18.838795
1403638187.995097 19.141163
1403638188.045097 20.127590
1403638188.095097 19.657455
1403638188.145097 21.802800
1403638188.195097 20.706193
1403638188.245097 20.092738
1403638188.295097 19.672485
1403638188.345097 19.956838
1403638188.395097 23.035528
1403638188.445097 20.658674
1403638188.495097 20.737143
1403638188.545097 27.630026
1403638188.595097 20.610305
1403638188.645097 21.043462
1403638188.695097 20.146598
1403638188.745097 19.792657
1403638188.795097 19.179944
1403638188.845097 20.237846
1403638188.895097 21.794886
1403638188.945097 21.627800
1403638188.995097 20.561373
1403638189.045097 20.423486
1403638189.095097 20.150944
1403638189.145097 20.487752
1403638189.195097 20.626669
1403638189.245097 19.554304
1403638189.295097 26.427720
1403638189.345097 20.682298
1403638189.395097 27.584289
1403638189.445097 19.086362
1403638189.495097 26.366413
1403638189.545097 20.219932
1403638189.595097 25.472352
1403638189.645097 20.347963
1403638189.695097 22.326451
1403638189.745097 24.231282
1403638189.795097 23.049156
1403638189.845097 21.826553
1403638189.895097 21.459546
1403638189.945097 23.484267
1403638189.995097 22.408935
1403638190.045097 21.052326
1403638190.095097 28.000602
1403638190.145097 21.458271
1403638190.195097 21.440252
1403638190.245097 26.439970
1403638190.295097 19.744033
1403638190.345097 21.946302
1403638190.395097 21.687940
1403638190.445097 21.467881
1403638190.495097 21.000257
1403638190.545097 23.020062
1403638190.595097 21.688890
1403638190.645097 27.837617
1403638190.695097 21.409672
1403638190.745097 21.988850
1403638190.795097 21.942763
1403638190.845097 20.980568
1403638190.895097 20.684520
1403638190.945097 22.728367
1403638190.995097 28.367604
1403638191.045097 21.267349
1403638191.095097 19.842892
1403638191.145097 21.646841
1403638191.195097 21.695961
1403638191.245097 20.292789
1403638191.295097 20.315534
1403638191.345097 20.458802
1403638191.395097 20.580370
1403638191.445097 20.748453
1403638191.495097 22.260423
1403638191.545097 28.846415
1403638191.595097 24.870176
1403638191.645097 21.795697
1403638191.695097 22.859181
1403638191.745097 22.656058
1403638191.795097 20.340315
1403638191.845097 21.588459
1403638191.895097 21.261661
1403638191.945097 21.160724
1403638191.995097 23.988487
1403638192.045097 30.043814
1403638192.095097 21.861248
1403638192.145097 28.691672
1403638192.195097 24.944810
1403638192.245097 21.672737
1403638192.295097 20.940571
1403638192.345097 21.901545
1403638192.395097 29.441087
1403638192.445097 29.172723
1403638192.495097 23.108427
1403638192.545097 24.928138
1403638192.595097 20.573958
1403638192.645097 21.194788
1403638192.695097 20.843956
1403638192.745097 21.165670
1403638192.795097 21.315043
1403638192.845097 21.258637
1403638192.895097 24.239081
1403638192.945097 21.674980
1403638192.995097 22.304023
1403638193.045097 21.557179
1403638193.095097 21.579709
1403638193.145097 20.929183
1403638193.195097 23.932722
1403638193.245097 20.748289
1403638193.295097 22.314153
1403638193.345097 21.137095
1403638193.395097 29.262548
1403638193.445097 23.551962
1403638193.495097 22.746833
1403638193.545097 28.121428
1403638193.595097 21.522932
1403638193.645097 21.369956
1403638193.695097 29.352563
1403638193.745097 21.066785
1403638193.795097 21.781534
1403638193.845097 21.873786
1403638193.895097 23.179469
1403638193.945097 22.155552
1403638193.995097 22.314658
1403638194.045097 22.484063
1403638194.095097 29.927259
1403638194.145097 22.385878
1403638194.195097 21.153115
1403638194.245097 29.208316
1403638194.295097 30.527001
1403638194.345097 23.340891
1403638194.395097 30.241652
1403638194.445097 23.391623
1403638194.495097 36.181963
1403638194.545097 22.554392
1403638194.595097 31.005879
1403638194.645097 25.663927
1403638194.695097 21.806665
1403638194.745097 21.524307
1403638194.795097 22.544012
1403638194.845097 22.778627
1403638194.895097 22.677681
1403638194.945097 22.884965
1403638194.995097 24.555454
1403638195.045097 30.117936
1403638195.095097 22.579223
1403638195.145097 23.164227
1403638195.195097 23.422900
1403638195.245097 23.436017
1403638195.295097 22.165011
1403638195.345097 22.405419
1403638195.395097 24.068438
1403638195.445097 23.100664
1403638195.495097 24.366630
1403638195.545097 30.942976
1403638195.595097 23.564872
1403638195.645097 30.920113
1403638195.695097 25.936915
1403638195.745097 23.568425
1403638195.795097 28.685031
1403638195.845097 27.555089
1403638195.895097 21.769278
1403638195.945097 29.442365
1403638195.995097 25.401887
1403638196.045097 30.926254
1403638196.095097 23.227589
1403638196.145097 23.448737
1403638196.195097 25.144392
1403638196.245097 24.216484
1403638196.295097 23.466887
1403638196.345097 22.625839
1403638196.395097 23.658308
1403638196.445097 24.752068
1403638196.495097 23.126615
1403638196.545097 16.447504
1403638196.595097 23.685027
1403638196.645097 22.853940
1403638196.695097 21.989358
1403638196.745097 22.748521
1403638196.795097 24.113463
1403638196.845097 22.380987
1403638196.895097 24.950261
1403638196.945097 14.544612
1403638196.995097 24.684090
1403638197.045097 22.448430
1403638197.095097 22.349144
1403638197.145097 22.246571
1403638197.195097 16.270923
1403638197.245097 23.392808
1403638197.295097 21.750898
1403638197.345097 24.351957
1403638197.395097 24.871205
1403638197.445097 24.868453
1403638197.495097 21.731688
1403638197.545097 24.861305
1403638197.595097 25.315312
1403638197.645097 23.327870
1403638197.695097 22.933203
1403638197.745097 24.648338
1403638197.795097 24.440141
1403638197.845097 26.485470
1403638197.895097 22.867793
1403638197.945097 25.161702
1403638197.995097 23.077677
1403638198.045097 24.989343
1403638198.095097 22.184091
1403638198.145097 25.828828
1403638198.195097 24.560125
1403638198.245097 23.773218
1403638198.295097 22.029182
1403638198.345097 23.828907
1403638198.395097 23.115896
1403638198.445097 23.842625
1403638198.495097 24.108020
1403638198.545097 22.786671
1403638198.595097 22.633781
1403638198.645097 22.398210
1403638198.695097 22.821654
1403638198.745097 33.204670
1403638198.795097 23.866311
1403638198.845097 24.323307
1403638198.895097 22.604671
1403638198.945097 25.215434
1403638198.995097 22.307913
1403638199.045097 22.758905
1403638199.095097 26.802885
1403638199.145097 30.460968
1403638199.195097 25.952638
1403638199.245097 23.686276
1403638199.295097 24.978898
1403638199.345097 26.653706
1403638199.395097 23.775179
1403638199.445097 29.970187
1403638199.495097 23.503077
1403638199.545097 32.546432
1403638199.595097 25.379488
1403638199.645097 23.582222
1403638199.695097 25.191946
1403638199.745097 24.789013
1403638199.795097 24.601559
1403638199.845097 25.423390
1403638199.895097 24.492927
1403638199.945097 23.362718
1403638199.995097 24.293690
1403638200.045097 25.038232
1403638200.095097 24.282332
1403638200.145097 24.947241
1403638200.195097 24.551677
1403638200.245097 24.873855
1403638200.295097 25.844333
1403638200.345097 22.703785
1403638200.395097 26.496202
1403638200.445097 23.937463
1403638200.495097 25.170820
1403638200.545097 26.124169
1403638200.595097 25.125558
1403638200.645097 24.851648
1403638200.695097 24.731338
1403638200.745097 23.811310
1403638200.795097 26.245021
1403638200.845097 23.048010
1403638200.895097 23.904958
1403638200.945097 25.154416
1403638200.995097 25.089002
1403638201.045097 24.244400
1403638201.095097 25.203984
1403638201.145097 24.186113
1403638201.195097 24.577462
1403638201.245097 24.685246
1403638201.295097 31.044313
1403638201.345097 32.839763
1403638201.395097 28.963965
1403638201.445097 32.393522
1403638201.495097 30.145864
1403638201.545097 24.592463
1403638201.595097 25.475852
1403638201.645097 29.505755
1403638201.695097 28.560163
1403638201.745097 24.880216
1403638201.795097 26.261793
1403638201.845097 23.983301
1403638201.895097 26.213904
1403638201.945097 29.045848
1403638201.995097 30.658338
1403638202.045097 33.116723
1403638202.095097 28.706648
1403638202.145097 30.794206
1403638202.195097 29.625800
1403638202.245097 31.647224
1403638202.295097 23.648897
1403638202.345097 24.121363
1403638202.395097 25.864438
1403638202.445097 28.863819
1403638202.495097 32.126942
1403638202.545097 29.928799
1403638202.595097 32.782392
1403638202.645097 30.193223
1403638202.695097 26.070863
1403638202.745097 25.615221
1403638202.795097 29.122286
1403638202.845097 32.603950
1403638202.895097 24.747031
1403638202.945097 23.717629
1403638202.995097 28.672851
1403638203.045097 25.245990
1403638203.095097 28.139068
1403638203.145097 33.628423
1403638203.195097 27.113093
1403638203.245097 25.863574
1403638203.295097 23.681576
1403638203.345097 31.201224
1403638203.395097 27.091342
1403638203.445097 30.743500
1403638203.495097 26.388780
1403638203.545097 25.236094
1403638203.595097 23.089057
1403638203.645097 24.624850
1403638203.695097 23.945546
1403638203.745097 24.757220
1403638203.795097 24.529895
1403638203.845097 25.182577
1403638203.895097 24.057822
1403638203.945097 25.503815
1403638203.995097 25.590987
1403638204.045097 26.805674
1403638204.095097 24.428562
1403638204.145097 23.356819
1403638204.195097 25.314387
1403638204.245097 23.988530
1403638204.295097 25.404099
1403638204.345097 22.637715
1403638204.395097 26.670217
1403638204.445097 23.641731
1403638204.495097 26.360563
1403638204.545097 24.143486
1403638204.595097 30.525190
1403638204.645097 24.321121
1403638204.695097 24.824940
1403638204.745097 23.591900
1403638204.795097 26.164323
1403638204.845097 31.119593
1403638204.895097 27.820928
1403638204.945097 25.756464
1403638204.995097 25.178007
1403638205.045097 25.750106
1403638205.095097 27.923196
1403638205.145097 31.067142
1403638205.195097 29.671255
1403638205.245097 30.820497
1403638205.295097 25.919642
1403638205.345097 23.805081
1403638205.395097 26.381834
1403638205.445097 32.186053
1403638205.495097 25.601079
1403638205.545097 24.413641
1403638205.595097 25.818232
1403638205.645097 23.820578
1403638205.695097 23.123485
1403638205.745097 23.629603
1403638205.795097 26.211459
1403638205.845097 27.819531
1403638205.895097 24.415087
1403638205.945097 25.358311
1403638205.995097 28.574968
1403638206.045097 32.085426
1403638206.095097 27.255555
1403638206.145097 26.604587
1403638206.195097 26.050610
1403638206.245097 34.005490
1403638206.295097 24.230690
1403638206.345097 26.569696
1403638206.395097 22.800909
1403638206.445097 24.235220
1403638206.495097 22.556544
1403638206.545097 23.785656
1403638206.595097 25.573680
1403638206.645097 24.679584
1403638206.695097 26.218642
1403638206.745097 24.202426
1403638206.795097 25.345963
1403638206.845097 24.786791
1403638206.895097 26.482324
1403638206.945097 26.883851
1403638206.995097 24.481103
1403638207.045097 24.230801
1403638207.095097 24.922021
1403638207.145097 24.507987
1403638207.195097 23.618809
1403638207.245097 30.961583
1403638207.295097 28.517810
1403638207.345097 33.971846
1403638207.395097 23.595944
1403638207.445097 23.536955
1403638207.495097 24.141300
1403638207.545097 25.705246
1403638207.595097 24.844751
1403638207.645097 24.187309
1403638207.695097 24.805329
1403638207.745097 26.399982
1403638207.795097 26.374498
1403638207.845097 25.097790
1403638207.895097 22.269167
1403638207.945097 24.315487
1403638207.995097 23.360417
1403638208.045097 31.229891
1403638208.095097 26.389939
1403638208.145097 23.541278
1403638208.195097 25.082967
1403638208.245097 26.236775
1403638208.295097 24.451919
1403638208.345097 25.404200
1403638208.395097 24.701724
1403638208.445097 22.646319
1403638208.495097 24.809691
1403638208.545097 24.818111
1403638208.595097 25.794211
1403638208.645097 25.463138
1403638208.695097 25.256522
1403638208.745097 30.767706
1403638208.795097 28.624705
1403638208.845097 30.975997
1403638208.895097 28.985329
1403638208.945097 25.145592
1403638208.995097 25.354770
1403638209.045097 22.384143
1403638209.095097 23.744178
1403638209.145097 25.417099
1403638209.195097 25.353464
1403638209.245097 24.852919
1403638209.295097 25.107726
1403638209.345097 24.595683
1403638209.395097 26.236683
1403638209.445097 24.714600
1403638209.495097 26.533350
1403638209.545097 30.838836
1403638209.595097 27.698441
1403638209.645097 24.520173
1403638209.695097 23.101245
1403638209.745097 25.745272
1403638209.795097 24.151337
1403638209.845097 25.419288
1403638209.895097 25.751259
1403638209.945097 25.278150
1403638209.995097 24.509330
1403638210.045097 24.217649
1403638210.095097 22.618254
1403638210.145097 24.080740
1403638210.195097 23.474377
1403638210.245097 26.467538
1403638210.295097 23.054257
1403638210.345097 25.196485
1403638210.395097 23.428196
1403638210.445097 24.174777
1403638210.495097 23.150672
1403638210.545097 24.210658
1403638210.595097 24.539647
1403638210.645097 23.780124
1403638210.695097 22.872152
1403638210.745097 23.617286
1403638210.795097 25.730493
1403638210.845097 25.232692
1403638210.895097 22.980531
1403638210.945097 23.404515
1403638210.995097 24.754155
1403638211.045097 24.179423
1403638211.095097 23.064298
1403638211.145097 25.609851
1403638211.195097 25.738711
1403638211.245097 31.187674
1403638211.295097 36.335542
1403638211.345097 31.055661
1403638211.395097 32.058137
1403638211.445097 25.295356
1403638211.495097 24.271375
1403638211.545097 31.200530
1403638211.595097 25.865111
1403638211.645097 23.995997
1403638211.695097 24.002796
1403638211.745097 29.488727
1403638211.795097 23.819822
1403638211.845097 23.965842
1403638211.895097 25.007142
1403638211.945097 31.336913
1403638211.995097 28.197120
1403638212.045097 32.552389
1403638212.095097 22.865478
1403638212.145097 24.165011
1403638212.195097 26.200084
1403638212.245097 24.678631
1403638212.295097 25.304525
1403638212.345097 23.483523
1403638212.395097 28.476746
1403638212.445097 31.430287
1403638212.495097 26.154359
1403638212.545097 24.923362
1403638212.595097 28.024372
1403638212.645097 23.563362
1403638212.695097 25.475480
1403638212.745097 23.137374
1403638212.795097 27.573232
1403638212.845097 29.178256
1403638212.895097 25.308510
1403638212.945097 25.820660
1403638212.995097 26.407107
1403638213.045097 26.680432
1403638213.095097 26.676709
1403638213.145097 31.557189
1403638213.195097 30.227308
1403638213.245097 27.703116
1403638213.295097 24.942833
1403638213.345097 29.092861
1403638213.395097 28.214303
1403638213.445097 25.301376
1403638213.495097 27.652483
1403638213.545097 24.987959
1403638213.595097 30.863706
1403638213.645097 23.867518
1403638213.695097 24.583775
1403638213.745097 23.232770
1403638213.795097 23.754751
1403638213.845097 22.858031
1403638213.895097 23.095701
1403638213.945097 22.180385
1403638213.995097 23.440889
1403638214.045097 24.754156
1403638214.095097 23.052212
1403638214.145097 23.909188
1403638214.195097 30.405747
1403638214.245097 24.659625
1403638214.295097 24.698065
1403638214.345097 23.162197
1403638214.395097 24.571965
1403638214.445097 24.097908
1403638214.495097 25.438298
1403638214.545097 24.107030
1403638214.595097 23.474155
1403638214.645097 24.105326
1403638214.695097 23.008743
1403638214.745097 25.252572
1403638214.795097 23.479240
1403638214.845097 23.373591
1403638214.895097 22.580944
1403638214.945097 29.443305
1403638214.995097 28.854847
1403638215.045097 30.738154
1403638215.095097 27.556692
1403638215.145097 24.201606
1403638215.195097 29.180330
1403638215.245097 30.630398
1403638215.295097 25.717896
1403638215.345097 22.268820
1403638215.395097 25.911687
1403638215.445097 35.846769
1403638215.495097 25.760337
1403638215.545097 30.960846
1403638215.595097 30.231522
1403638215.645097 24.762359
1403638215.695097 24.683344
1403638215.745097 24.731328
1403638215.795097 25.736559
1403638215.845097 24.186599
1403638215.895097 23.699812
1403638215.945097 21.764313
1403638215.995097 25.904976
1403638216.045097 24.226594
1403638216.095097 22.589100
1403638216.145097 25.693368
1403638216.195097 24.779026
1403638216.245097 25.478588
1403638216.295097 16.421266
1403638216.345097 24.866419
1403638216.395097 25.195311
1403638216.445097 26.668908
1403638216.495097 23.006290
1403638216.545097 25.482064
1403638216.595097 24.078506
1403638216.645097 24.746582
1403638216.695097 15.208329
1403638216.745097 23.771523
1403638216.795097 25.130512
1403638216.845097 25.162453
1403638216.895097 24.176718
1403638216.945097 25.305037
1403638216.995097 26.136775
1403638217.045097 25.936045
1403638217.095097 24.719368
1403638217.145097 30.651941
1403638217.195097 26.023374
1403638217.245097 24.982466
1403638217.295097 22.887200
1403638217.345097 26.658171
1403638217.395097 25.158182
1403638217.445097 23.000530
1403638217.495097 16.224181
1403638217.545097 25.315452
1403638217.595097 25.118384
1403638217.645097 24.071047
1403638217.695097 23.216079
1403638217.745097 31.249876
1403638217.795097 31.826367
1403638217.845097 28.026761
1403638217.895097 25.875104
1403638217.945097 24.448662
1403638217.995097 24.920098
1403638218.045097 24.522846
1403638218.095097 25.023210
1403638218.145097 24.039914
1403638218.195097 23.261222
1403638218.245097 21.401871
1403638218.295097 22.734533
1403638218.345097 24.788357
1403638218.395097 26.836657
1403638218.445097 23.902147
1403638218.495097 23.794195
1403638218.545097 24.704153
1403638218.595097 17.752601
1403638218.645097 22.703060
1403638218.695097 13.802454
1403638218.745097 23.913229
1403638218.795097 23.119938
1403638218.845097 22.450090
1403638218.895097 23.436905
1403638218.945097 15.240378
1403638218.995097 26.634220
1403638219.045097 15.547361
1403638219.095097 15.947372
1403638219.145097 15.994879
1403638219.195097 23.243795
1403638219.245097 24.347061
1403638219.295097 23.086748
1403638219.345097 25.557476
1403638219.395097 24.418466
1403638219.445097 25.056585
1403638219.495097 25.789653
1403638219.545097 25.211388
1403638219.595097 25.015100
1403638219.645097 24.478358
1403638219.695097 23.590407
1403638219.745097 25.044689
1403638219.795097 23.961417
1403638219.845097 23.253706
1403638219.895097 21.158858
1403638219.945097 22.532237
1403638219.995097 23.188873
1403638220.045097 23.191060
1403638220.095097 22.511271
1403638220.145097 23.698986
1403638220.195097 25.168346
1403638220.245097 24.216388
1403638220.295097 22.513263
1403638220.345097 22.508162
1403638220.395097 25.385700
1403638220.445097 29.803386
1403638220.495097 22.716355
1403638220.545097 25.333082
1403638220.595097 24.028976
1403638220.645097 23.475713
1403638220.695097 23.804236
1403638220.745097 23.902221
1403638220.795097 16.704168
1403638220.845097 23.132718
1403638220.895097 22.629975
1403638220.945097 32.481660
1403638220.995097 30.580459
1403638221.045097 31.553744
1403638221.095097 20.812576
1403638221.145097 22.126788
1403638221.195097 22.186695
1403638221.245097 33.585920
1403638221.295097 29.785559
1403638221.345097 29.282609
1403638221.395097 22.735350
1403638221.445097 23.108413
1403638221.495097 30.800937
1403638221.545097 30.254739
1403638221.595097 30.300937
1403638221.645097 29.982427
1403638221.695097 22.198271
1403638221.745097 23.905401
1403638221.795097 24.066080
1403638221.845097 14.883466
1403638221.895097 21.504582
1403638221.945097 24.405644
1403638221.995097 22.711841
1403638222.045097 22.412147
1403638222.095097 21.524510
1403638222.145097 24.207522
1403638222.195097 23.336150
1403638222.245097 22.792732
1403638222.295097 23.205782
1403638222.345097 30.751419
1403638222.395097 30.442191
1403638222.445097 31.007734
1403638222.495097 25.059068
1403638222.545097 23.123331
1403638222.595097 24.433124
1403638222.645097 23.250028
1403638222.695097 22.792144
1403638222.745097 16.146470
1403638222.795097 24.488667
1403638222.845097 22.955246
1403638222.895097 25.807134
1403638222.945097 24.255838
1403638222.995097 24.658616
1403638223.045097 22.821238
1403638223.095097 24.297420
1403638223.145097 22.937825
1403638223.195097 23.814139
1403638223.245097 23.840830
1403638223.295097 24.131628
1403638223.345097 23.695669
1403638223.395097 25.348558
1403638223.445097 25.514474
1403638223.495097 26.457805
1403638223.545097 24.585275
1403638223.595097 23.848849
1403638223.645097 25.577172
1403638223.695097 25.297262
1403638223.745097 24.138707
1403638223.795097 25.058829
1403638223.845097 24.702830
1403638223.895097 23.226042
1403638223.945097 23.417849
1403638223.995097 27.002294
1403638224.045097 24.492422
1403638224.095097 25.518348
1403638224.145097 24.568819
1403638224.195097 25.253011
1403638224.245097 25.331068
1403638224.295097 25.445667
1403638224.345097 25.180588
1403638224.395097 28.768285
1403638224.445097 27.109779
1403638224.495097 23.681067
1403638224.545097 30.642508
1403638224.595097 28.381652
1403638224.645097 36.546303
1403638224.695097 30.509568
1403638224.745097 27.435763
1403638224.795097 26.938876
1403638224.845097 33.673212
1403638224.895097 30.869721
1403638224.945097 26.910284
1403638224.995097 27.474095
1403638225.045097 24.618849
1403638225.095097 23.810743
1403638225.145097 23.754420
1403638225.195097 27.864340
1403638225.245097 25.627180
1403638225.295097 24.295193
1403638225.345097 24.508088
1403638225.395097 24.013960
1403638225.445097 24.263602
1403638225.495097 23.016802
1403638225.545097 22.918053
1403638225.595097 24.831041
1403638225.645097 24.987116
1403638225.695097 27.750380
1403638225.745097 25.812429
1403638225.795097 29.731059
1403638225.845097 29.330804
1403638225.895097 30.227859
1403638225.945097 29.967702
1403638225.995097 30.695022
1403638226.045097 31.131100
1403638226.095097 30.418814
1403638226.145097 30.201355
1403638226.195097 28.263229
1403638226.245097 31.594108
1403638226.295097 27.731326
1403638226.345097 35.041510
1403638226.395097 31.433730
1403638226.445097 34.790176
1403638226.495097 22.940920
1403638226.545097 27.118458
1403638226.595097 20.465725
1403638226.645097 20.171469
1403638226.695097 20.616451
1403638226.745097 18.429309
1403638226.795097 18.223605
1403638226.845097 19.193278
1403638226.895097 18.731664
1403638226.945097 18.031309
1403638226.995097 17.498804
1403638227.045097 18.943435
1403638227.095097 18.457290
1403638227.145097 18.082415
1403638227.195097 17.608798
1403638227.245097 27.504193
1403638227.295097 17.645943
1403638227.345097 19.555713
1403638227.395097 17.603223
1403638227.445097 17.941214
1403638227.495097 17.486240
1403638227.545097 22.886930
1403638227.595097 17.896519
1403638227.645097 23.131385
1403638227.695097 17.654632
1403638227.745097 23.082783
1403638227.795097 17.868036
1403638227.845097 20.298006
1403638227.895097 17.170838
1403638227.945097 19.662658
1403638227.995097 17.639768
1403638228.045097 18.604196
1403638228.095097 17.241972
1403638228.145097 18.469575
1403638228.195097 18.064493
1403638228.245097 19.294979
1403638228.295097 17.396166
1403638228.345097 19.364793
1403638228.395097 17.779972
1403638228.445097 18.823468
1403638228.495097 17.405510
1403638228.545097 18.741326
1403638228.595097 19.671653
1403638228.645097 27.745975
1403638228.695097 18.411335
1403638228.745097 20.769915
1403638228.795097 18.101155
1403638228.845097 22.846233
1403638228.845097 22.846233
