1413393212.255760 52.833224
1413393212.305760 24.861338
1413393212.355761 23.435566
1413393212.405761 23.543052
1413393212.455760 18.584489
1413393212.505760 14.096689
1413393212.555760 17.706583
1413393212.605761 15.065688
1413393212.655761 15.515103
1413393212.705760 14.626382
1413393212.755760 15.696251
1413393212.805760 13.758912
1413393212.855761 14.964897
1413393212.905761 14.473068
1413393212.955760 13.735955
1413393213.005760 14.584234
1413393213.055760 15.058070
1413393213.105761 14.892433
1413393213.155761 15.514424
1413393213.205760 15.180423
1413393213.255760 14.970886
1413393213.305760 15.078854
1413393213.355761 14.604044
1413393213.405761 14.945554
1413393213.455760 15.859478
1413393213.505760 14.750359
1413393213.555760 15.547456
1413393213.605761 13.651615
1413393213.655761 14.948844
1413393213.705760 14.927767
1413393213.755760 22.929850
1413393213.805760 14.773087
1413393213.855761 16.010322
1413393213.905761 15.772409
1413393213.955760 15.948417
1413393214.005760 15.629301
1413393214.055760 23.170590
1413393214.105761 22.991595
1413393214.155761 22.443945
1413393214.205760 22.581860
1413393214.255760 22.544488
1413393214.305760 23.789456
1413393214.355761 24.370740
1413393214.405761 24.411961
1413393214.455760 24.496203
1413393214.505760 15.024591
1413393214.555760 23.982965
1413393214.605761 15.025317
1413393214.655761 15.312914
1413393214.705760 13.524114
1413393214.755760 15.354324
1413393214.805760 13.315308
1413393214.855761 15.436119
1413393214.905761 15.421667
1413393214.955760 15.171748
1413393215.005760 14.308676
1413393215.055760 17.058893
1413393215.105761 14.872004
1413393215.155761 15.121070
1413393215.205760 22.759687
1413393215.255760 15.684784
1413393215.305760 14.873365
1413393215.355761 23.497392
1413393215.405761 14.358947
1413393215.455760 22.494811
1413393215.505760 23.677661
1413393215.555760 15.533157
1413393215.605761 14.231465
1413393215.655761 23.506076
1413393215.705760 23.257267
1413393215.755760 22.973385
1413393215.805760 22.755536
1413393215.855761 15.474065
1413393215.905761 23.279334
1413393215.955760 22.361916
1413393216.005760 16.254227
1413393216.055760 16.468253
1413393216.105761 15.407614
1413393216.155761 24.637320
1413393216.205760 23.638789
1413393216.255760 24.618166
1413393216.305760 23.069932
1413393216.355761 24.431190
1413393216.405761 23.574199
1413393216.455760 21.257987
1413393216.505760 24.781381
1413393216.555760 31.383995
1413393216.605761 23.571035
1413393216.655761 24.165013
1413393216.705760 23.238695
1413393216.755760 22.497587
1413393216.805760 22.833261
1413393216.855761 23.272387
1413393216.905761 23.506109
1413393216.955760 24.773907
1413393217.005760 24.060894
1413393217.055760 31.574024
1413393217.105761 23.133845
1413393217.155761 25.903579
1413393217.205760 22.598613
1413393217.255760 23.209995
1413393217.305760 14.970056
1413393217.355761 22.432742
1413393217.405761 21.941903
1413393217.455760 22.832997
1413393217.505760 23.555711
1413393217.555760 22.535550
1413393217.605761 22.589433
1413393217.655761 30.176852
1413393217.705760 23.225652
1413393217.755760 22.759764
1413393217.805760 23.368256
1413393217.855761 24.347130
1413393217.905761 23.143340
1413393217.955760 21.807315
1413393218.005760 23.257841
1413393218.055760 22.511078
1413393218.105761 22.853256
1413393218.155761 25.266140
1413393218.205760 24.564999
1413393218.255760 25.086480
1413393218.305760 24.007234
1413393218.355761 24.738153
1413393218.405761 23.984567
1413393218.455760 25.366086
1413393218.505760 25.809082
1413393218.555760 31.215913
1413393218.605761 27.984694
1413393218.655761 24.909476
1413393218.705760 24.296522
1413393218.755760 23.848410
1413393218.805760 24.139610
1413393218.855761 23.917443
1413393218.905761 26.091207
1413393218.955760 24.903038
1413393219.005760 26.643762
1413393219.055760 25.154827
1413393219.105761 24.375242
1413393219.155761 24.135627
1413393219.205760 24.633983
1413393219.255760 23.949782
1413393219.305760 23.936717
1413393219.355761 23.318789
1413393219.405761 24.040790
1413393219.455760 23.760817
1413393219.505760 24.648305
1413393219.555760 23.349623
1413393219.605761 23.811266
1413393219.655761 24.357587
1413393219.705760 23.077413
1413393219.755760 22.766501
1413393219.805760 25.593516
1413393219.855761 25.811839
1413393219.905761 23.069036
1413393219.955760 23.188487
1413393220.005760 23.294383
1413393220.055760 23.557026
1413393220.105761 23.430948
1413393220.155761 20.821844
1413393220.205760 29.178673
1413393220.255760 22.234032
1413393220.305760 23.028658
1413393220.355761 22.426412
1413393220.405761 26.151740
1413393220.455760 22.586373
1413393220.505760 23.937456
1413393220.555760 22.652266
1413393220.605761 15.082860
1413393220.655761 23.895339
1413393220.705760 22.869996
1413393220.755760 22.543920
1413393220.805760 22.292182
1413393220.855761 29.529545
1413393220.905761 28.393023
1413393220.955760 30.425125
1413393221.005760 24.849807
1413393221.055760 22.391933
1413393221.105761 25.899479
1413393221.155761 22.754177
1413393221.205760 22.551942
1413393221.255760 25.242902
1413393221.305760 23.400596
1413393221.355761 22.827254
1413393221.405761 23.499930
1413393221.455760 22.172797
1413393221.505760 24.209088
1413393221.555760 24.279513
1413393221.605761 23.979937
1413393221.655761 22.256986
1413393221.705760 21.855424
1413393221.755760 23.270463
1413393221.805760 22.741707
1413393221.855761 22.216359
1413393221.905761 25.850339
1413393221.955760 22.253029
1413393222.005760 23.320091
1413393222.055760 21.894220
1413393222.105761 23.426083
1413393222.155761 13.802653
1413393222.205760 13.968289
1413393222.255760 23.477449
1413393222.305760 24.350554
1413393222.355761 23.985848
1413393222.405761 22.223262
1413393222.455760 22.880996
1413393222.505760 22.345862
1413393222.555760 23.318045
1413393222.605761 22.473130
1413393222.655761 30.621826
1413393222.705760 27.784975
1413393222.755760 22.594971
1413393222.805760 23.747303
1413393222.855761 23.784746
1413393222.905761 22.903246
1413393222.955760 22.745088
1413393223.005760 24.980551
1413393223.055760 22.301952
1413393223.105761 24.598614
1413393223.155761 22.694128
1413393223.205760 22.947808
1413393223.255760 22.677440
1413393223.305760 22.444782
1413393223.355761 23.775515
1413393223.405761 23.388580
1413393223.455760 23.957246
1413393223.505760 24.705308
1413393223.555760 23.398129
1413393223.605761 23.590235
1413393223.655761 23.518131
1413393223.705760 23.875610
1413393223.755760 22.468309
1413393223.805760 21.938135
1413393223.855761 23.610951
1413393223.905761 24.293349
1413393223.955760 23.195732
1413393224.005760 23.226647
1413393224.055760 25.564453
1413393224.105761 24.862104
1413393224.155761 23.945007
1413393224.205760 22.519503
1413393224.255760 23.886588
1413393224.305760 24.491994
1413393224.355761 24.849180
1413393224.405761 23.874513
1413393224.455760 23.605689
1413393224.505760 25.556816
1413393224.555760 24.005302
1413393224.605761 24.126034
1413393224.655761 22.484988
1413393224.705760 23.798283
1413393224.755760 22.748464
1413393224.805760 24.980694
1413393224.855761 31.928423
1413393224.905761 31.140271
1413393224.955760 23.646245
1413393225.005760 23.070794
1413393225.055760 23.586560
1413393225.105761 27.915544
1413393225.155761 29.433476
1413393225.205760 25.104739
1413393225.255760 24.607695
1413393225.305760 23.567320
1413393225.355761 22.751599
1413393225.405761 23.193296
1413393225.455760 23.154035
1413393225.505760 25.647873
1413393225.555760 24.369571
1413393225.605761 24.066062
1413393225.655761 23.604845
1413393225.705760 24.247854
1413393225.755760 31.021303
1413393225.805760 30.878511
1413393225.855761 32.007743
1413393225.905761 29.112143
1413393225.955760 25.347744
1413393226.005760 24.694255
1413393226.055760 24.564261
1413393226.105761 24.608848
1413393226.155761 23.745275
1413393226.205760 24.064754
1413393226.255760 26.951505
1413393226.305760 25.484686
1413393226.355761 24.417490
1413393226.405761 26.460774
1413393226.455760 24.043868
1413393226.505760 25.474390
1413393226.555760 24.564706
1413393226.605761 22.836793
1413393226.655761 24.709655
1413393226.705760 24.064044
1413393226.755760 25.118208
1413393226.805760 24.355245
1413393226.855761 25.218724
1413393226.905761 26.741035
1413393226.955760 26.118241
1413393227.005760 27.162326
1413393227.055760 23.440653
1413393227.105761 24.028527
1413393227.155761 23.770888
1413393227.205760 24.405855
1413393227.255760 23.270160
1413393227.305760 22.827258
1413393227.355761 23.359266
1413393227.405761 24.537348
1413393227.455760 23.758122
1413393227.505760 25.087686
1413393227.555760 28.089356
1413393227.605761 24.731477
1413393227.655761 26.374388
1413393227.705760 23.712240
1413393227.755760 23.569601
1413393227.805760 23.151341
1413393227.855761 24.333169
1413393227.905761 25.122367
1413393227.955760 31.363101
1413393228.005760 28.379239
1413393228.055760 24.185769
1413393228.105761 25.497236
1413393228.155761 27.083104
1413393228.205760 25.122600
1413393228.255760 29.397235
1413393228.305760 26.231122
1413393228.355761 23.362926
1413393228.405761 23.551179
1413393228.455760 27.248735
1413393228.505760 23.849355
1413393228.555760 23.911898
1413393228.605761 22.451576
1413393228.655761 23.982090
1413393228.705760 25.588576
1413393228.755760 25.963750
1413393228.805760 23.782163
1413393228.855761 24.051641
1413393228.905761 23.880054
1413393228.955760 22.851069
1413393229.005760 22.685957
1413393229.055760 22.728043
1413393229.105761 25.650177
1413393229.155761 23.759913
1413393229.205760 22.515621
1413393229.255760 24.764748
1413393229.305760 24.273584
1413393229.355761 26.627840
1413393229.405761 22.873466
1413393229.455760 22.856072
1413393229.505760 27.489744
1413393229.555760 23.224578
1413393229.605761 23.690645
1413393229.655761 24.537385
1413393229.705760 27.957244
1413393229.755760 23.652317
1413393229.805760 24.270319
1413393229.855761 30.799382
1413393229.905761 29.074942
1413393229.955760 30.899355
1413393230.005760 27.305993
1413393230.055760 24.250072
1413393230.105761 23.150435
1413393230.155761 23.454424
1413393230.205760 23.851789
1413393230.255760 26.081296
1413393230.305760 24.283463
1413393230.355761 24.276177
1413393230.405761 25.297504
1413393230.455760 23.792914
1413393230.505760 23.960761
1413393230.555760 24.596282
1413393230.605761 23.454500
1413393230.655761 24.744484
1413393230.705760 23.853098
1413393230.755760 23.341082
1413393230.805760 28.717382
1413393230.855761 23.913644
1413393230.905761 24.366493
1413393230.955760 23.896353
1413393231.005760 24.002575
1413393231.055760 24.301890
1413393231.105761 25.979677
1413393231.155761 23.792315
1413393231.205760 24.925225
1413393231.255760 25.307723
1413393231.305760 23.511573
1413393231.355761 22.654918
1413393231.405761 23.657192
1413393231.455760 23.402025
1413393231.505760 25.343420
1413393231.555760 23.385566
1413393231.605761 24.744036
1413393231.655761 25.008739
1413393231.705760 25.414686
1413393231.755760 22.082290
1413393231.805760 22.731213
1413393231.855761 22.619034
1413393231.905761 23.866335
1413393231.955760 24.127655
1413393232.005760 23.577181
1413393232.055760 23.474261
1413393232.105761 24.319680
1413393232.155761 28.289024
1413393232.205760 26.454617
1413393232.255760 30.641877
1413393232.305760 23.723748
1413393232.355761 22.386371
1413393232.405761 24.397181
1413393232.455760 25.007102
1413393232.505760 26.841829
1413393232.555760 30.412571
1413393232.605761 26.554598
1413393232.655761 25.392910
1413393232.705760 27.024210
1413393232.755760 23.094153
1413393232.805760 24.036668
1413393232.855761 24.604187
1413393232.905761 26.652229
1413393232.955760 26.015152
1413393233.005760 25.518245
1413393233.055760 25.589857
1413393233.105761 23.127183
1413393233.155761 32.182580
1413393233.205760 25.774941
1413393233.255760 29.438653
1413393233.305760 23.806199
1413393233.355761 33.296822
1413393233.405761 24.142904
1413393233.455760 25.666613
1413393233.505760 24.418227
1413393233.555760 25.123131
1413393233.605761 29.026471
1413393233.655761 22.988411
1413393233.705760 25.217353
1413393233.755760 26.210428
1413393233.805760 24.494303
1413393233.855761 24.802308
1413393233.905761 28.894269
1413393233.955760 24.003754
1413393234.005760 26.153205
1413393234.055760 24.611238
1413393234.105761 24.492189
1413393234.155761 23.442696
1413393234.205760 24.638406
1413393234.255760 23.745426
1413393234.305760 24.845565
1413393234.355761 23.636602
1413393234.405761 24.113022
1413393234.455760 22.652879
1413393234.505760 23.736442
1413393234.555760 22.819785
1413393234.605761 24.393519
1413393234.655761 24.249523
1413393234.705760 25.208838
1413393234.755760 24.838270
1413393234.805760 23.027069
1413393234.855761 23.887187
1413393234.905761 26.965416
1413393234.955760 23.600811
1413393235.005760 26.846982
1413393235.055760 23.272136
1413393235.105761 22.640371
1413393235.155761 23.173640
1413393235.205760 24.349983
1413393235.255760 23.382223
1413393235.305760 22.886115
1413393235.355761 30.975692
1413393235.405761 24.776291
1413393235.455760 22.884783
1413393235.505760 23.300301
1413393235.555760 23.998784
1413393235.605761 27.053851
1413393235.655761 23.886057
1413393235.705760 23.415202
1413393235.755760 29.687940
1413393235.805760 26.144144
1413393235.855761 28.304383
1413393235.905761 25.081905
1413393235.955760 24.754403
1413393236.005760 23.010868
1413393236.055760 23.162932
1413393236.105761 26.495987
1413393236.155761 23.569624
1413393236.205760 22.876546
1413393236.255760 14.707217
1413393236.305760 24.066297
1413393236.355761 27.959001
1413393236.405761 24.100043
1413393236.455760 22.889396
1413393236.505760 24.197156
1413393236.555760 31.915225
1413393236.605761 23.307376
1413393236.655761 25.887143
1413393236.705760 23.253545
1413393236.755760 23.517758
1413393236.805760 24.418437
1413393236.855761 24.488337
1413393236.905761 22.760330
1413393236.955760 24.525840
1413393237.005760 23.221240
1413393237.055760 24.276652
1413393237.105761 23.246539
1413393237.155761 24.320667
1413393237.205760 24.329363
1413393237.255760 23.356247
1413393237.305760 24.692386
1413393237.355761 24.763828
1413393237.405761 24.049434
1413393237.455760 15.281181
1413393237.505760 23.277709
1413393237.555760 22.099492
1413393237.605761 23.133895
1413393237.655761 23.647029
1413393237.705760 23.738579
1413393237.755760 33.158341
1413393237.805760 23.255311
1413393237.855761 23.041105
1413393237.905761 22.401170
1413393237.955760 23.054348
1413393238.005760 22.330050
1413393238.055760 24.048933
1413393238.105761 25.564855
1413393238.155761 23.819649
1413393238.205760 22.739724
1413393238.255760 23.807993
1413393238.305760 23.285337
1413393238.355761 25.923794
1413393238.405761 24.991894
1413393238.455760 32.237591
1413393238.505760 23.889631
1413393238.555760 22.695138
1413393238.605761 22.294131
1413393238.655761 22.832764
1413393238.705760 25.094353
1413393238.755760 36.118827
1413393238.805760 24.842727
1413393238.855761 31.110801
1413393238.905761 23.566221
1413393238.955760 25.011093
1413393239.005760 16.065985
1413393239.055760 23.669324
1413393239.105761 26.411473
1413393239.155761 25.398471
1413393239.205760 23.003228
1413393239.255760 31.269910
1413393239.305760 24.618297
1413393239.355761 22.466069
1413393239.405761 23.665874
1413393239.455760 23.424073
1413393239.505760 23.663871
1413393239.555760 24.307414
1413393239.605761 23.370989
1413393239.655761 23.598315
1413393239.705760 22.351285
1413393239.755760 24.954915
1413393239.805760 22.969116
1413393239.855761 25.618418
1413393239.905761 22.348672
1413393239.955760 23.372598
1413393240.005760 25.306099
1413393240.055760 27.046018
1413393240.105761 29.152240
1413393240.155761 23.155736
1413393240.205760 23.573743
1413393240.255760 28.915299
1413393240.305760 28.702464
1413393240.355761 34.633557
1413393240.405761 22.228647
1413393240.455760 32.265017
1413393240.505760 23.727101
1413393240.555760 23.493822
1413393240.605761 27.109609
1413393240.655761 31.976168
1413393240.705760 23.263222
1413393240.755760 32.161927
1413393240.805760 22.859024
1413393240.855761 22.897024
1413393240.905761 24.392577
1413393240.955760 24.392839
1413393241.005760 24.314948
1413393241.055760 22.712930
1413393241.105761 24.219641
1413393241.155761 24.041350
1413393241.205760 22.825348
1413393241.255760 26.609748
1413393241.305760 30.444458
1413393241.355761 23.118307
1413393241.405761 24.655990
1413393241.455760 26.029244
1413393241.505760 26.288208
1413393241.555760 23.872617
1413393241.605761 23.762318
1413393241.655761 23.373545
1413393241.705760 22.845754
1413393241.755760 25.393598
1413393241.805760 23.771268
1413393241.855761 31.661430
1413393241.905761 25.329441
1413393241.955760 23.758687
1413393242.005760 22.776672
1413393242.055760 25.738549
1413393242.105761 23.558720
1413393242.155761 22.919782
1413393242.205760 24.467487
1413393242.255760 30.787716
1413393242.305760 30.241171
1413393242.355761 33.117884
1413393242.405761 30.321929
1413393242.455760 24.935961
1413393242.505760 26.814437
1413393242.555760 23.536971
1413393242.605761 25.652946
1413393242.655761 23.306313
1413393242.705760 25.741393
1413393242.755760 22.427997
1413393242.805760 22.697571
1413393242.855761 28.378260
1413393242.905761 30.335020
1413393242.955760 23.225386
1413393243.005760 22.702883
1413393243.055760 22.844007
1413393243.105761 24.634940
1413393243.155761 24.604523
1413393243.205760 23.487764
1413393243.255760 23.128314
1413393243.305760 25.660562
1413393243.355761 24.697056
1413393243.405761 24.182677
1413393243.455760 23.211979
1413393243.505760 27.043729
1413393243.555760 25.143520
1413393243.605761 23.620614
1413393243.655761 23.232198
1413393243.705760 24.428638
1413393243.755760 23.432521
1413393243.805760 21.929174
1413393243.855761 24.915400
1413393243.905761 26.079938
1413393243.955760 22.285359
1413393244.005760 22.923163
1413393244.055760 14.323145
1413393244.105761 14.322043
1413393244.155761 23.543290
1413393244.205760 24.034220
1413393244.255760 23.587194
1413393244.305760 22.785058
1413393244.355761 23.143687
1413393244.405761 22.315783
1413393244.455760 22.391064
1413393244.505760 22.829997
1413393244.555760 23.598411
1413393244.605761 23.474001
1413393244.655761 23.595848
1413393244.705760 23.925753
1413393244.755760 24.238405
1413393244.805760 24.229108
1413393244.855761 23.940774
1413393244.905761 24.005463
1413393244.955760 25.304709
1413393245.005760 24.315580
1413393245.055760 24.264725
1413393245.105761 22.398355
1413393245.155761 23.627238
1413393245.205760 22.883615
1413393245.255760 22.590683
1413393245.305760 24.409526
1413393245.355761 24.223661
1413393245.405761 24.300825
1413393245.455760 24.303754
1413393245.505760 22.754071
1413393245.555760 24.199757
1413393245.605761 24.074163
1413393245.655761 23.696624
1413393245.705760 24.384167
1413393245.755760 25.876860
1413393245.805760 24.939351
1413393245.855761 26.865238
1413393245.905761 22.361556
1413393245.955760 26.609915
1413393246.005760 26.143654
1413393246.055760 24.932769
1413393246.105761 26.212420
1413393246.155761 23.703950
1413393246.205760 27.744778
1413393246.255760 27.741669
1413393246.305760 24.387969
1413393246.355761 26.339192
1413393246.405761 23.385534
1413393246.455760 22.905512
1413393246.505760 25.300779
1413393246.555760 24.459035
1413393246.605761 24.586520
1413393246.655761 23.093526
1413393246.705760 25.767972
1413393246.755760 30.308784
1413393246.805760 28.676584
1413393246.855761 23.790953
1413393246.905761 23.386784
1413393246.955760 21.482215
1413393247.005760 23.107499
1413393247.055760 24.264802
1413393247.105761 24.409090
1413393247.155761 77.741503
1413393247.205760 33.043163
1413393247.255760 24.337199
1413393247.305760 25.055783
1413393247.355761 24.785550
1413393247.405761 25.830397
1413393247.455760 29.794117
1413393247.505760 26.460881
1413393247.555760 23.721450
1413393247.605761 26.268618
1413393247.655761 24.072257
1413393247.705760 26.336922
1413393247.755760 23.749659
1413393247.805760 25.275187
1413393247.855761 25.423745
1413393247.905761 26.453683
1413393247.955760 23.214179
1413393248.005760 24.005444
1413393248.055760 25.202406
1413393248.105761 26.383056
1413393248.155761 24.298942
1413393248.205760 24.580728
1413393248.255760 24.245627
1413393248.305760 25.206740
1413393248.355761 25.024094
1413393248.405761 28.535346
1413393248.455760 25.354014
1413393248.505760 24.794830
1413393248.555760 24.974500
1413393248.605761 25.428991
1413393248.655761 24.465731
1413393248.705760 23.584444
1413393248.755760 25.060443
1413393248.805760 23.888730
1413393248.855761 23.696129
1413393248.905761 27.893346
1413393248.955760 24.080977
1413393249.005760 24.914722
1413393249.055760 22.775453
1413393249.105761 25.779833
1413393249.155761 27.687926
1413393249.205760 25.127234
1413393249.255760 25.056634
1413393249.305760 26.244550
1413393249.355761 32.802286
1413393249.405761 25.248633
1413393249.455760 24.881828
1413393249.505760 27.370531
1413393249.555760 26.335211
1413393249.605761 25.111109
1413393249.655761 25.658886
1413393249.705760 16.175670
1413393249.755760 24.822476
1413393249.805760 28.652906
1413393249.855761 23.876869
1413393249.905761 24.923157
1413393249.955760 25.584854
1413393250.005760 25.620248
1413393250.055760 32.134803
1413393250.105761 29.848190
1413393250.155761 32.939004
1413393250.205760 29.199158
1413393250.255760 23.858618
1413393250.305760 25.080341
1413393250.355761 26.474071
1413393250.405761 25.707378
1413393250.455760 22.964539
1413393250.505760 26.162283
1413393250.555760 31.928655
1413393250.605761 27.938567
1413393250.655761 23.863656
1413393250.705760 27.714018
1413393250.755760 25.191782
1413393250.805760 28.338572
1413393250.855761 32.131395
1413393250.905761 35.846703
1413393250.955760 25.699651
1413393251.005760 25.611357
1413393251.055760 22.455700
1413393251.105761 24.840733
1413393251.155761 24.473532
1413393251.205760 25.355254
1413393251.255760 24.473716
1413393251.305760 24.950368
1413393251.355761 24.145072
1413393251.405761 25.416758
1413393251.455760 32.931633
1413393251.505760 34.539793
1413393251.555760 32.823984
1413393251.605761 29.600544
1413393251.655761 32.433511
1413393251.705760 27.324658
1413393251.755760 24.976236
1413393251.805760 27.263519
1413393251.855761 27.991185
1413393251.905761 30.142214
1413393251.955760 24.948165
1413393252.005760 24.403644
1413393252.055760 24.627729
1413393252.105761 25.951558
1413393252.155761 23.661150
1413393252.205760 26.923149
1413393252.255760 31.149567
1413393252.305760 28.831299
1413393252.355761 24.653516
1413393252.405761 25.724983
1413393252.455760 29.485123
1413393252.505760 26.519423
1413393252.555760 31.081112
1413393252.605761 29.609352
1413393252.655761 31.387924
1413393252.705760 28.092278
1413393252.755760 26.167254
1413393252.805760 27.163240
1413393252.855761 25.462395
1413393252.905761 25.974792
1413393252.955760 24.303266
1413393253.005760 27.484821
1413393253.055760 25.508473
1413393253.105761 24.366626
1413393253.155761 24.511289
1413393253.205760 27.820191
1413393253.255760 33.351140
1413393253.305760 24.651273
1413393253.355761 23.140021
1413393253.405761 24.957633
1413393253.455760 25.270336
1413393253.505760 25.602213
1413393253.555760 24.759736
1413393253.605761 25.982698
1413393253.655761 22.976551
1413393253.705760 24.188595
1413393253.755760 24.041552
1413393253.805760 26.059018
1413393253.855761 25.047728
1413393253.905761 25.863521
1413393253.955760 41.995857
1413393254.005760 26.841838
1413393254.055760 24.609980
1413393254.105761 26.618659
1413393254.155761 28.836082
1413393254.205760 26.218767
1413393254.255760 30.886311
1413393254.305760 27.835426
1413393254.355761 25.029629
1413393254.405761 34.073000
1413393254.455760 25.677531
1413393254.505760 25.817676
1413393254.555760 24.259955
1413393254.605761 27.468086
1413393254.655761 28.660151
1413393254.705760 33.459982
1413393254.755760 33.113351
1413393254.805760 24.532241
1413393254.855761 24.445906
1413393254.905761 25.393721
1413393254.955760 25.864284
1413393255.005760 26.951026
1413393255.055760 24.537519
1413393255.105761 25.541389
1413393255.155761 25.223722
1413393255.205760 24.911366
1413393255.255760 25.735414
1413393255.305760 25.374816
1413393255.355761 24.632592
1413393255.405761 25.601935
1413393255.455760 23.815174
1413393255.505760 16.004462
1413393255.555760 23.749994
1413393255.605761 25.505457
1413393255.655761 25.487787
1413393255.705760 23.701990
1413393255.755760 15.722570
1413393255.805760 18.325452
1413393255.855761 23.314992
1413393255.905761 25.461131
1413393255.955760 24.320829
1413393256.005760 29.293345
1413393256.055760 24.579387
1413393256.105761 26.679453
1413393256.155761 25.190222
1413393256.205760 24.654303
1413393256.255760 25.590792
1413393256.305760 33.165470
1413393256.355761 24.676037
1413393256.405761 24.310365
1413393256.455760 25.022058
1413393256.505760 24.375573
1413393256.555760 24.416948
1413393256.605761 22.751932
1413393256.655761 23.382533
1413393256.705760 24.520846
1413393256.755760 30.565937
1413393256.805760 23.020330
1413393256.855761 23.933335
1413393256.905761 24.536314
1413393256.955760 24.677201
1413393257.005760 24.083678
1413393257.055760 23.939081
1413393257.105761 24.267336
1413393257.155761 25.641529
1413393257.205760 24.461436
1413393257.255760 24.921692
1413393257.305760 26.083003
1413393257.355761 25.467803
1413393257.405761 24.874879
1413393257.455760 22.401307
1413393257.505760 24.739672
1413393257.555760 26.113095
1413393257.605761 25.317668
1413393257.655761 24.418697
1413393257.705760 24.295928
1413393257.755760 32.506219
1413393257.805760 29.157087
1413393257.855761 24.383660
1413393257.905761 25.401898
1413393257.955760 31.804650
1413393258.005760 27.924060
1413393258.055760 22.449121
1413393258.105761 25.218997
1413393258.155761 27.496842
1413393258.205760 22.746535
1413393258.255760 24.670381
1413393258.305760 24.751167
1413393258.355761 32.956546
1413393258.405761 26.939849
1413393258.455760 23.118497
1413393258.505760 26.108866
1413393258.555760 31.232354
1413393258.605761 26.629005
1413393258.655761 25.190575
1413393258.705760 25.166831
1413393258.755760 25.251720
1413393258.805760 24.566395
1413393258.855761 23.085824
1413393258.905761 23.895659
1413393258.955760 23.800570
1413393259.005760 24.771991
1413393259.055760 23.678976
1413393259.105761 26.389626
1413393259.155761 23.479518
1413393259.205760 25.227845
1413393259.255760 29.745674
1413393259.305760 28.522777
1413393259.355761 23.722524
1413393259.405761 29.183920
1413393259.455760 27.465389
1413393259.505760 26.697153
1413393259.555760 24.416048
1413393259.605761 23.296846
1413393259.655761 22.500789
1413393259.705760 25.416714
1413393259.755760 22.672607
1413393259.805760 25.923643
1413393259.855761 29.773110
1413393259.905761 27.483202
1413393259.955760 23.577344
1413393260.005760 24.271209
1413393260.055760 23.489432
1413393260.105761 25.752034
1413393260.155761 25.095835
1413393260.205760 22.848523
1413393260.255760 22.933794
1413393260.305760 24.082012
1413393260.355761 23.080565
1413393260.405761 22.911130
1413393260.455760 22.699853
1413393260.505760 24.015696
1413393260.555760 23.496480
1413393260.605761 24.088345
1413393260.655761 24.674575
1413393260.705760 24.537389
1413393260.755760 23.833382
1413393260.805760 24.765434
1413393260.855761 24.547654
1413393260.905761 22.372572
1413393260.955760 23.840273
1413393261.005760 23.134274
1413393261.055760 23.081113
1413393261.105761 24.825123
1413393261.155761 23.871715
1413393261.205760 27.516518
1413393261.255760 22.389335
1413393261.305760 24.193378
1413393261.355761 24.172919
1413393261.405761 24.569780
1413393261.455760 29.858356
1413393261.505760 23.008690
1413393261.555760 22.053840
1413393261.605761 24.115618
1413393261.655761 23.287764
1413393261.705760 23.531767
1413393261.755760 31.858826
1413393261.805760 27.531240
1413393261.855761 22.528463
1413393261.905761 24.335672
1413393261.955760 24.510324
1413393262.005760 24.745690
1413393262.055760 24.100470
1413393262.105761 25.382119
1413393262.155761 25.714548
1413393262.205760 24.643303
1413393262.255760 24.550674
1413393262.305760 25.164293
1413393262.355761 24.322623
1413393262.405761 25.471994
1413393262.455760 23.799466
1413393262.505760 24.767987
1413393262.555760 23.827480
1413393262.605761 28.432791
1413393262.655761 25.962928
1413393262.705760 24.093223
1413393262.755760 23.519836
1413393262.805760 25.327408
1413393262.855761 22.831155
1413393262.905761 23.799652
1413393262.955760 25.490078
1413393263.005760 23.238063
1413393263.055760 25.422809
1413393263.105761 24.149874
1413393263.155761 25.436249
1413393263.205760 24.807592
1413393263.255760 25.614210
1413393263.305760 25.342757
1413393263.355761 24.863081
1413393263.405761 25.693180
1413393263.455760 24.229658
1413393263.505760 24.459471
1413393263.555760 23.864193
1413393263.605761 24.034375
1413393263.655761 26.920149
1413393263.705760 25.996753
1413393263.755760 25.418844
1413393263.805760 28.164538
1413393263.855761 23.086651
1413393263.905761 23.471502
1413393263.955760 23.009799
1413393264.005760 24.951927
1413393264.055760 24.989087
1413393264.105761 25.233328
1413393264.155761 25.753133
1413393264.205760 22.957645
1413393264.255760 24.238520
1413393264.305760 24.757722
1413393264.355761 24.738138
1413393264.405761 24.457003
1413393264.455760 25.549315
1413393264.505760 25.048388
1413393264.555760 25.438064
1413393264.605761 26.114509
1413393264.655761 23.423449
1413393264.705760 24.808281
1413393264.755760 24.337395
1413393264.805760 22.991514
1413393264.855761 23.083589
1413393264.905761 24.427478
1413393264.955760 27.676539
1413393265.005760 23.274084
1413393265.055760 22.580361
1413393265.105761 24.259816
1413393265.155761 24.498699
1413393265.205760 25.079694
1413393265.255760 23.030742
1413393265.305760 21.969373
1413393265.355761 24.451927
1413393265.405761 23.018727
1413393265.455760 23.284628
1413393265.505760 23.070034
1413393265.555760 24.746220
1413393265.605761 23.848761
1413393265.655761 22.740063
1413393265.705760 23.777129
1413393265.755760 25.330442
1413393265.805760 28.350722
1413393265.855761 25.054849
1413393265.905761 22.816583
1413393265.955760 23.053644
1413393266.005760 23.528350
1413393266.055760 22.987354
1413393266.105761 25.200429
1413393266.155761 24.804797
1413393266.205760 23.744189
1413393266.255760 23.476460
1413393266.305760 24.380375
1413393266.355761 26.688652
1413393266.405761 24.360271
1413393266.455760 23.999018
1413393266.505760 27.992393
1413393266.555760 25.106486
1413393266.605761 27.863576
1413393266.655761 27.876262
1413393266.705760 30.732601
1413393266.755760 26.432156
1413393266.805760 23.324828
1413393266.855761 23.825815
1413393266.905761 24.050041
1413393266.955760 23.664532
1413393267.005760 23.999734
1413393267.055760 23.346110
1413393267.105761 24.637111
1413393267.155761 23.895539
1413393267.205760 21.888290
1413393267.255760 24.377144
1413393267.305760 26.053453
1413393267.355761 25.323156
1413393267.405761 23.679479
1413393267.455760 23.108400
1413393267.505760 23.175225
1413393267.555760 23.630383
1413393267.605761 22.502254
1413393267.655761 23.428468
1413393267.705760 28.299949
1413393267.755760 23.707042
1413393267.805760 31.196266
1413393267.855761 28.032375
1413393267.905761 24.436658
1413393267.955760 23.385523
1413393268.005760 23.557505
1413393268.055760 24.309210
1413393268.105761 25.497426
1413393268.155761 23.881771
1413393268.205760 24.780953
1413393268.255760 24.363013
1413393268.305760 24.863802
1413393268.355761 22.562937
1413393268.405761 22.970475
1413393268.455760 24.902478
1413393268.505760 25.383704
1413393268.555760 31.867248
1413393268.605761 23.554079
1413393268.655761 32.334659
1413393268.705760 23.745798
1413393268.755760 24.559512
1413393268.805760 22.944710
1413393268.855761 24.532707
1413393268.905761 22.645144
1413393268.955760 22.878094
1413393269.005760 24.305880
1413393269.055760 25.356202
1413393269.105761 24.044775
1413393269.155761 22.935373
1413393269.205760 24.085019
1413393269.255760 26.159145
1413393269.305760 25.216804
1413393269.355761 24.038023
1413393269.405761 21.950891
1413393269.455760 23.756542
1413393269.505760 24.796561
1413393269.555760 24.162630
1413393269.605761 25.002194
1413393269.655761 25.972974
1413393269.705760 26.828570
1413393269.755760 25.684993
1413393269.805760 23.435604
1413393269.855761 23.194399
1413393269.905761 26.171002
1413393269.955760 23.726931
1413393270.005760 25.194665
1413393270.055760 26.244775
1413393270.105761 28.267727
1413393270.155761 26.506449
1413393270.205760 23.623022
1413393270.255760 25.314644
1413393270.305760 26.610620
1413393270.355761 24.115622
1413393270.405761 24.742852
1413393270.455760 34.409249
1413393270.505760 24.884155
1413393270.555760 24.026436
1413393270.605761 26.455383
1413393270.655761 24.849817
1413393270.705760 28.033436
1413393270.755760 24.183421
1413393270.805760 24.828080
1413393270.855761 25.828850
1413393270.905761 23.689929
1413393270.955760 24.036337
1413393271.005760 24.281737
1413393271.055760 25.836793
1413393271.105761 29.030892
1413393271.155761 24.874022
1413393271.205760 25.403991
1413393271.255760 31.591446
1413393271.305760 30.713330
1413393271.355761 32.167281
1413393271.405761 25.837849
1413393271.455760 24.175537
1413393271.505760 25.481995
1413393271.555760 25.966648
1413393271.605761 24.791524
1413393271.655761 24.368759
1413393271.705760 26.186130
1413393271.755760 25.970147
1413393271.805760 30.766803
1413393271.855761 26.013905
1413393271.905761 24.941352
1413393271.955760 24.639307
1413393272.005760 24.365113
1413393272.055760 25.054605
1413393272.105761 24.793329
1413393272.155761 24.569390
1413393272.205760 24.246392
1413393272.255760 25.469285
1413393272.305760 23.641079
1413393272.355761 31.817371
1413393272.405761 29.041557
1413393272.455760 25.932922
1413393272.505760 23.146904
1413393272.555760 31.445337
1413393272.605761 26.951017
1413393272.655761 32.064768
1413393272.705760 27.118157
1413393272.755760 27.139863
1413393272.805760 25.796501
1413393272.855761 24.647999
1413393272.905761 24.948446
1413393272.955760 32.402618
1413393273.005760 30.643019
1413393273.055760 27.591020
1413393273.105761 27.477873
1413393273.155761 26.016680
1413393273.205760 24.538548
1413393273.255760 28.292953
1413393273.305760 25.461102
1413393273.355761 25.075501
1413393273.405761 23.915869
1413393273.455760 26.140103
1413393273.505760 25.147211
1413393273.555760 26.734944
1413393273.605761 24.108262
1413393273.655761 25.516040
1413393273.705760 22.988436
1413393273.755760 26.089164
1413393273.805760 25.638315
1413393273.855761 26.221799
1413393273.905761 25.639728
1413393273.955760 24.372463
1413393274.005760 24.174660
1413393274.055760 25.178685
1413393274.105761 27.427560
1413393274.155761 26.140213
1413393274.205760 22.619948
1413393274.255760 23.888967
1413393274.305760 24.811271
1413393274.355761 31.295344
1413393274.405761 26.831821
1413393274.455760 25.497571
1413393274.505760 24.589732
1413393274.555760 24.663796
1413393274.605761 24.394328
1413393274.655761 26.305534
1413393274.705760 24.935000
1413393274.755760 16.968586
1413393274.805760 26.073038
1413393274.855761 32.423169
1413393274.905761 28.399448
1413393274.955760 31.795516
1413393275.005760 29.097015
1413393275.055760 26.704360
1413393275.105761 25.290143
1413393275.155761 24.617993
1413393275.205760 22.911974
1413393275.255760 24.447213
1413393275.305760 27.053474
1413393275.355761 23.963189
1413393275.405761 24.230386
1413393275.455760 26.051438
1413393275.505760 24.540104
1413393275.555760 22.816190
1413393275.605761 27.546218
1413393275.655761 24.281655
1413393275.705760 24.784566
1413393275.755760 24.876614
1413393275.805760 24.648939
1413393275.855761 25.764747
1413393275.905761 26.264276
1413393275.955760 25.988096
1413393276.005760 24.891305
1413393276.055760 25.110941
1413393276.105761 26.331639
1413393276.155761 22.659194
1413393276.205760 29.196901
1413393276.255760 23.758242
1413393276.305760 26.898877
1413393276.355761 23.785089
1413393276.405761 25.958575
1413393276.455760 23.691216
1413393276.505760 26.321409
1413393276.555760 25.922313
1413393276.605761 23.037306
1413393276.655761 22.892037
1413393276.705760 24.717186
1413393276.755760 24.443861
1413393276.805760 15.143813
1413393276.855761 14.843122
1413393276.905761 16.521934
1413393276.955760 24.059644
1413393277.005760 25.693699
1413393277.055760 31.702017
1413393277.105761 16.484240
1413393277.155761 32.181545
1413393277.205760 23.949151
1413393277.255760 23.979965
1413393277.305760 22.239719
1413393277.355761 22.603069
1413393277.405761 23.289547
1413393277.455760 23.196122
1413393277.505760 23.538830
1413393277.555760 24.053425
1413393277.605761 24.178003
1413393277.655761 24.559033
1413393277.705760 24.738100
1413393277.755760 24.705798
1413393277.805760 15.225764
1413393277.855761 24.719030
1413393277.905761 24.251075
1413393277.955760 23.558453
1413393278.005760 22.519768
1413393278.055760 31.874618
1413393278.105761 33.403863
1413393278.155761 32.458616
1413393278.205760 31.093621
1413393278.255760 31.412564
1413393278.305760 31.099042
1413393278.355761 23.972571
1413393278.405761 25.699797
1413393278.455760 24.643939
1413393278.505760 26.089348
1413393278.555760 22.648068
1413393278.605761 24.751731
1413393278.655761 27.249522
1413393278.705760 25.157479
1413393278.755760 26.618644
1413393278.805760 23.489177
1413393278.855761 26.124684
1413393278.905761 25.428826
1413393278.955760 24.869229
1413393279.005760 25.148149
1413393279.055760 24.225904
1413393279.105761 24.997221
1413393279.155761 25.098398
1413393279.205760 24.707028
1413393279.255760 30.759687
1413393279.305760 34.241751
1413393279.355761 33.742194
1413393279.405761 24.522424
1413393279.455760 31.785948
1413393279.505760 30.849537
1413393279.555760 25.045058
1413393279.605761 23.868664
1413393279.655761 24.477882
1413393279.705760 25.544667
1413393279.755760 25.118214
1413393279.805760 26.411921
1413393279.855761 25.768296
1413393279.905761 25.716132
1413393279.955760 25.119165
1413393280.005760 23.788787
1413393280.055760 16.950351
1413393280.105761 25.081346
1413393280.155761 24.234724
1413393280.205760 24.182219
1413393280.255760 25.847288
1413393280.305760 24.940667
1413393280.355761 24.720008
1413393280.405761 25.397942
1413393280.455760 24.630914
1413393280.505760 24.181400
1413393280.555760 16.332549
1413393280.605761 14.950806
1413393280.655761 27.576396
1413393280.705760 33.575851
1413393280.755760 30.547487
1413393280.805760 28.695451
1413393280.855761 31.273031
1413393280.905761 27.770264
1413393280.955760 24.326719
1413393281.005760 25.856412
1413393281.055760 23.996283
1413393281.105761 25.502218
1413393281.155761 25.156979
1413393281.205760 24.391847
1413393281.255760 31.129487
1413393281.305760 28.077455
1413393281.355761 25.274994
1413393281.405761 24.952015
1413393281.455760 24.493362
1413393281.505760 25.695935
1413393281.555760 24.689841
1413393281.605761 23.720078
1413393281.655761 23.845463
1413393281.705760 26.520658
1413393281.755760 30.756418
1413393281.805760 31.983448
1413393281.855761 25.177493
1413393281.905761 24.673097
1413393281.955760 26.468696
1413393282.005760 24.786772
1413393282.055760 25.009508
1413393282.105761 23.302488
1413393282.155761 24.894949
1413393282.205760 25.931222
1413393282.255760 24.609513
1413393282.305760 26.078714
1413393282.355761 24.464072
1413393282.405761 24.584746
1413393282.455760 24.637885
1413393282.505760 23.336717
1413393282.555760 25.135151
1413393282.605761 24.174584
1413393282.655761 23.925955
1413393282.705760 24.545386
1413393282.755760 24.814724
1413393282.805760 24.528087
1413393282.855761 23.599817
1413393282.905761 25.283231
1413393282.955760 23.518855
1413393283.005760 28.623566
1413393283.055760 25.694084
1413393283.105761 30.615467
1413393283.155761 28.847239
1413393283.205760 31.399087
1413393283.255760 31.589016
1413393283.305760 16.407678
1413393283.355761 25.802713
1413393283.405761 22.314881
1413393283.455760 25.589700
1413393283.505760 24.679587
1413393283.555760 24.848941
1413393283.605761 24.293918
1413393283.655761 24.431092
1413393283.705760 24.315967
1413393283.755760 24.555379
1413393283.805760 24.011273
1413393283.855761 23.425958
1413393283.905761 26.272037
1413393283.955760 24.572787
1413393284.005760 25.061051
1413393284.055760 24.300100
1413393284.105761 27.026579
1413393284.155761 31.903688
1413393284.205760 13.766941
1413393284.255760 29.566888
1413393284.305760 14.386381
1413393284.355761 24.574190
1413393284.405761 27.059985
1413393284.455760 22.981172
1413393284.505760 24.340641
1413393284.555760 23.830070
1413393284.605761 24.875681
1413393284.655761 23.436602
1413393284.705760 25.170193
1413393284.755760 27.935970
1413393284.805760 25.452076
1413393284.855761 23.598575
1413393284.905761 24.191636
1413393284.955760 24.341728
1413393285.005760 23.595934
1413393285.055760 27.561515
1413393285.105761 24.900842
1413393285.155761 25.495416
1413393285.205760 31.803879
1413393285.255760 25.619738
1413393285.305760 27.490268
1413393285.355761 27.493751
1413393285.405761 23.959733
1413393285.455760 23.433238
1413393285.505760 24.345318
1413393285.555760 23.853456
1413393285.605761 23.154860
1413393285.655761 24.039999
1413393285.705760 25.114898
1413393285.755760 24.288555
1413393285.805760 25.139331
1413393285.855761 22.711737
1413393285.905761 25.143598
1413393285.955760 26.938609
1413393286.005760 23.191319
1413393286.055760 24.206371
1413393286.105761 24.251726
1413393286.155761 24.815612
1413393286.205760 25.213762
1413393286.255760 27.657436
1413393286.305760 25.088738
1413393286.355761 30.726892
1413393286.405761 26.325469
1413393286.455760 24.218425
1413393286.505760 24.222033
1413393286.555760 22.285862
1413393286.605761 23.288226
1413393286.655761 25.808101
1413393286.705760 26.786346
1413393286.755760 24.053868
1413393286.805760 23.752846
1413393286.855761 25.261538
1413393286.905761 25.128157
1413393286.955760 31.308773
1413393287.005760 30.003460
1413393287.055760 28.862167
1413393287.105761 26.412488
1413393287.155761 24.589182
1413393287.205760 23.973392
1413393287.255760 24.038462
1413393287.305760 24.847881
1413393287.355761 23.075069
1413393287.405761 24.298448
1413393287.455760 24.348802
1413393287.505760 26.123362
1413393287.555760 24.531297
1413393287.605761 24.614635
1413393287.655761 24.310580
1413393287.705760 26.408060
1413393287.755760 24.926924
1413393287.805760 25.733346
1413393287.855761 25.884192
1413393287.905761 27.182871
1413393287.955760 22.942140
1413393288.005760 23.588545
1413393288.055760 26.928622
1413393288.105761 23.997194
1413393288.155761 25.062702
1413393288.205760 25.845553
1413393288.255760 25.620647
1413393288.305760 27.055483
1413393288.355761 24.538558
1413393288.405761 26.356338
1413393288.455760 26.066954
1413393288.505760 26.959200
1413393288.555760 25.883273
1413393288.605761 24.967071
1413393288.655761 23.869205
1413393288.705760 23.706620
1413393288.755760 23.554428
1413393288.805760 27.540602
1413393288.855761 28.410930
1413393288.905761 27.310656
1413393288.955760 24.930781
1413393289.005760 23.010632
1413393289.055760 23.966169
1413393289.105761 23.662400
1413393289.155761 24.496570
1413393289.205760 27.129998
1413393289.255760 26.523350
1413393289.305760 23.746791
1413393289.355761 23.820694
1413393289.405761 23.470209
1413393289.455760 22.630140
1413393289.505760 24.049408
1413393289.555760 22.982680
1413393289.605761 25.302444
1413393289.655761 28.112816
1413393289.705760 26.877535
1413393289.755760 23.623865
1413393289.805760 24.590052
1413393289.855761 23.864000
1413393289.905761 24.118535
1413393289.955760 24.542386
1413393290.005760 23.594809
1413393290.055760 23.787232
1413393290.105761 23.553965
1413393290.155761 23.144757
1413393290.205760 24.112571
1413393290.255760 25.994560
1413393290.305760 23.662575
1413393290.355761 23.143337
1413393290.405761 25.487667
1413393290.455760 25.669659
1413393290.505760 24.990405
1413393290.555760 24.106525
1413393290.605761 23.385357
1413393290.655761 27.325073
1413393290.705760 25.058728
1413393290.755760 25.178924
1413393290.805760 24.892617
1413393290.855761 31.582273
1413393290.905761 31.907854
1413393290.955760 24.553011
1413393291.005760 24.833358
1413393291.055760 23.930334
1413393291.105761 72.989802
1413393291.155761 29.855503
1413393291.205760 24.472546
1413393291.255760 25.694586
1413393291.305760 25.371549
1413393291.355761 24.603980
1413393291.405761 25.399544
1413393291.455760 24.499956
1413393291.505760 24.695199
1413393291.555760 23.031132
1413393291.605761 24.990063
1413393291.655761 23.095415
1413393291.705760 26.085268
1413393291.755760 25.704533
1413393291.805760 22.894790
1413393291.855761 23.993657
1413393291.905761 24.776508
1413393291.955760 25.492386
1413393292.005760 23.414993
1413393292.055760 23.353712
1413393292.105761 22.670307
1413393292.155761 31.614376
1413393292.205760 28.796134
1413393292.255760 31.824415
1413393292.305760 28.864136
1413393292.355761 31.860290
1413393292.405761 24.982593
1413393292.455760 24.307771
1413393292.505760 27.361770
1413393292.555760 23.610227
1413393292.605761 23.254613
1413393292.655761 24.327769
1413393292.705760 25.164690
1413393292.755760 29.096100
1413393292.805760 24.037357
1413393292.855761 24.914346
1413393292.905761 23.453715
1413393292.955760 23.547624
1413393293.005760 24.469837
1413393293.055760 24.449983
1413393293.105761 24.897594
1413393293.155761 24.743083
1413393293.205760 24.808391
1413393293.255760 23.645358
1413393293.305760 26.721690
1413393293.355761 25.480314
1413393293.405761 24.623076
1413393293.455760 24.835518
1413393293.505760 25.179855
1413393293.555760 24.899838
1413393293.605761 25.302096
1413393293.655761 24.510927
1413393293.705760 28.040426
1413393293.755760 32.212771
1413393293.805760 25.788888
1413393293.855761 23.128936
1413393293.905761 28.510902
1413393293.955760 25.928534
1413393294.005760 22.591785
1413393294.055760 23.802673
1413393294.105761 24.966302
1413393294.155761 23.197677
1413393294.205760 23.649740
1413393294.255760 24.417244
1413393294.305760 27.106714
1413393294.355761 24.273903
1413393294.405761 26.592510
1413393294.455760 30.947531
1413393294.505760 22.557327
1413393294.555760 22.842338
1413393294.605761 23.780693
1413393294.655761 28.374053
1413393294.705760 22.938214
1413393294.755760 22.826656
1413393294.805760 24.753570
1413393294.855761 25.366015
1413393294.905761 26.806403
1413393294.955760 25.715846
1413393295.005760 25.176758
1413393295.055760 24.882352
1413393295.105761 24.444732
1413393295.155761 24.458404
1413393295.205760 24.887727
1413393295.255760 23.559367
1413393295.305760 24.523690
1413393295.355761 24.420064
1413393295.405761 24.187323
1413393295.455760 30.688070
1413393295.505760 25.115325
1413393295.555760 24.219412
1413393295.605761 24.005574
1413393295.655761 25.371185
1413393295.705760 24.675169
1413393295.755760 31.469979
1413393295.805760 30.993356
1413393295.855761 30.189980
1413393295.905761 32.277558
1413393295.955760 32.315084
1413393296.005760 26.868295
1413393296.055760 32.864295
1413393296.105761 28.741423
1413393296.155761 31.273328
1413393296.205760 31.195813
1413393296.255760 15.664808
1413393296.305760 22.808030
1413393296.355761 32.794196
1413393296.405761 28.603031
1413393296.455760 24.623425
1413393296.505760 24.431478
1413393296.555760 24.357442
1413393296.605761 23.806759
1413393296.655761 24.733788
1413393296.705760 25.407733
1413393296.755760 24.153989
1413393296.805760 23.057703
1413393296.855761 24.606819
1413393296.905761 24.411996
1413393296.955760 24.263236
1413393297.005760 23.876374
1413393297.055760 23.680061
1413393297.105761 23.438215
1413393297.155761 23.984937
1413393297.205760 22.763104
1413393297.255760 24.234802
1413393297.305760 24.098920
1413393297.355761 23.469796
1413393297.405761 23.541337
1413393297.455760 24.888795
1413393297.505760 23.559093
1413393297.555760 25.329948
1413393297.605761 21.953277
1413393297.655761 22.618129
1413393297.705760 24.615061
1413393297.755760 23.585801
1413393297.805760 24.557172
1413393297.855761 23.238174
1413393297.905761 23.943191
1413393297.955760 23.936722
1413393298.005760 23.769622
1413393298.055760 21.140482
1413393298.105761 24.929774
1413393298.155761 24.316715
1413393298.205760 26.386899
1413393298.255760 30.120300
1413393298.305760 25.410726
1413393298.355761 24.806892
1413393298.405761 23.611829
1413393298.455760 24.151024
1413393298.505760 24.509009
1413393298.555760 24.180770
1413393298.605761 23.160303
1413393298.655761 23.891511
1413393298.705760 24.183924
1413393298.755760 24.687052
1413393298.805760 23.220812
1413393298.855761 32.426066
1413393298.905761 25.298225
1413393298.955760 24.221417
1413393299.005760 24.098685
1413393299.055760 24.486817
1413393299.105761 25.813138
1413393299.155761 28.437076
1413393299.205760 27.120947
1413393299.255760 24.056166
1413393299.305760 23.846735
1413393299.355761 24.057400
1413393299.405761 24.142137
1413393299.455760 23.691149
1413393299.505760 29.005557
1413393299.555760 30.964482
1413393299.605761 28.376076
1413393299.655761 30.793992
1413393299.705760 25.346233
1413393299.755760 24.212792
1413393299.805760 23.581113
1413393299.855761 16.837697
1413393299.905761 23.643476
1413393299.955760 23.163357
1413393300.005760 15.847377
1413393300.055760 25.402166
1413393300.105761 25.413814
1413393300.155761 22.567761
1413393300.205760 22.823677
1413393300.255760 23.222009
1413393300.305760 24.043627
1413393300.355761 25.080476
1413393300.405761 26.127063
1413393300.455760 24.062637
1413393300.505760 25.947872
1413393300.555760 31.631458
1413393300.605761 30.667106
1413393300.655761 31.386821
1413393300.705760 26.150834
1413393300.755760 25.057495
1413393300.805760 22.097400
1413393300.855761 31.895497
1413393300.905761 23.624811
1413393300.955760 23.294396
1413393301.005760 25.243286
1413393301.055760 34.473079
1413393301.105761 26.353820
1413393301.155761 30.704046
1413393301.205760 29.699248
1413393301.255760 30.584043
1413393301.305760 24.739526
1413393301.355761 24.379813
1413393301.405761 23.036196
1413393301.455760 26.421104
1413393301.505760 25.020926
1413393301.555760 25.458647
1413393301.605761 24.083232
1413393301.655761 24.878440
1413393301.705760 25.737168
1413393301.755760 24.451417
1413393301.805760 23.712641
1413393301.855761 25.925291
1413393301.905761 23.889510
1413393301.955760 24.199365
1413393302.005760 23.662598
1413393302.055760 24.813690
1413393302.105761 25.073071
1413393302.155761 25.276465
1413393302.205760 24.764050
1413393302.255760 23.962552
1413393302.305760 24.791871
1413393302.355761 32.852728
1413393302.405761 28.110173
1413393302.455760 27.155305
1413393302.505760 28.748612
1413393302.555760 29.591304
1413393302.605761 24.483811
1413393302.655761 33.805245
1413393302.705760 30.338430
1413393302.755760 24.497052
1413393302.805760 33.602025
1413393302.855761 25.609621
1413393302.905761 24.559938
1413393302.955760 24.621507
1413393303.005760 25.926227
1413393303.055760 24.166064
1413393303.105761 24.322562
1413393303.155761 24.849095
1413393303.205760 24.143405
1413393303.255760 31.398268
1413393303.305760 22.773439
1413393303.355761 23.816833
1413393303.405761 22.863189
1413393303.455760 33.209515
1413393303.505760 23.887206
1413393303.555760 23.139808
1413393303.605761 23.741705
1413393303.655761 25.166441
1413393303.705760 23.638207
1413393303.755760 22.356844
1413393303.805760 24.899285
1413393303.855761 30.816285
1413393303.905761 25.171910
1413393303.955760 23.683852
1413393304.005760 23.591011
1413393304.055760 23.466381
1413393304.105761 29.210954
1413393304.155761 25.814530
1413393304.205760 24.344946
1413393304.255760 24.789802
1413393304.305760 22.724845
1413393304.355761 23.251275
1413393304.405761 24.397690
1413393304.455760 23.671708
1413393304.505760 23.508713
1413393304.555760 24.324757
1413393304.605761 24.470560
1413393304.655761 31.921977
1413393304.705760 24.130119
1413393304.755760 30.086478
1413393304.805760 28.808558
1413393304.855761 32.655879
1413393304.905761 27.684343
1413393304.955760 24.375461
1413393305.005760 23.626006
1413393305.055760 31.461757
1413393305.105761 27.774479
1413393305.155761 24.408678
1413393305.205760 25.964888
1413393305.255760 25.390176
1413393305.305760 25.876640
1413393305.355761 24.172388
1413393305.405761 25.103666
1413393305.455760 24.547179
1413393305.505760 25.237697
1413393305.555760 23.713002
1413393305.605761 23.166921
1413393305.655761 23.885148
1413393305.705760 26.533107
1413393305.755760 22.903075
1413393305.805760 25.459296
1413393305.855761 26.097508
1413393305.905761 26.191675
1413393305.955760 26.834697
1413393306.005760 25.691558
1413393306.055760 26.069573
1413393306.105761 24.698226
1413393306.155761 26.998524
1413393306.205760 25.469784
1413393306.255760 26.057905
1413393306.305760 30.274085
1413393306.355761 23.761539
1413393306.405761 24.748172
1413393306.455760 26.171479
1413393306.505760 25.612498
1413393306.555760 26.706556
1413393306.605761 23.310095
1413393306.655761 25.310102
1413393306.705760 24.060311
1413393306.755760 24.953584
1413393306.805760 25.664931
1413393306.855761 25.252885
1413393306.905761 24.288948
1413393306.955760 25.210539
1413393307.005760 24.615674
1413393307.055760 24.275885
1413393307.105761 25.437435
1413393307.155761 24.392008
1413393307.205760 27.682389
1413393307.255760 24.188695
1413393307.305760 24.958096
1413393307.355761 23.670925
1413393307.405761 25.681588
1413393307.455760 29.481535
1413393307.505760 26.847967
1413393307.555760 30.553544
1413393307.605761 26.093571
1413393307.655761 24.151879
1413393307.705760 28.581537
1413393307.755760 23.741596
1413393307.805760 25.272719
1413393307.855761 23.618228
1413393307.905761 25.291406
1413393307.955760 25.264290
1413393308.005760 23.291487
1413393308.055760 24.123722
1413393308.105761 24.649012
1413393308.155761 23.689175
1413393308.205760 25.565398
1413393308.255760 30.064858
1413393308.305760 29.095597
1413393308.355761 30.957214
1413393308.405761 26.712513
1413393308.455760 24.157695
1413393308.505760 26.393285
1413393308.555760 24.068056
1413393308.605761 23.399982
1413393308.655761 24.490767
1413393308.705760 26.301166
1413393308.755760 32.307820
1413393308.805760 24.217589
1413393308.855761 23.095473
1413393308.905761 24.798017
1413393308.955760 24.150478
1413393309.005760 25.463434
1413393309.055760 22.548423
1413393309.105761 26.053597
1413393309.155761 24.533396
1413393309.205760 23.800184
1413393309.255760 22.604440
1413393309.305760 24.792185
1413393309.355761 25.162727
1413393309.405761 22.768720
1413393309.455760 23.471899
1413393309.505760 24.072106
1413393309.555760 23.905225
1413393309.605761 24.246811
1413393309.655761 29.993222
1413393309.705760 32.371297
1413393309.755760 24.833099
1413393309.805760 26.776199
1413393309.855761 23.313791
1413393309.905761 27.687290
1413393309.955760 22.847794
1413393310.005760 23.342007
1413393310.055760 27.478682
1413393310.105761 25.300070
1413393310.155761 22.911426
1413393310.205760 23.975437
1413393310.255760 24.823623
1413393310.305760 24.464448
1413393310.355761 23.261130
1413393310.405761 24.702008
1413393310.455760 24.081698
1413393310.505760 26.035349
1413393310.555760 24.312647
1413393310.605761 22.383893
1413393310.655761 22.689022
1413393310.705760 24.890068
1413393310.755760 22.583249
1413393310.805760 16.380142
1413393310.855761 24.767241
1413393310.905761 24.298643
1413393310.955760 23.310938
1413393311.005760 22.931132
1413393311.055760 23.499582
1413393311.105761 24.523455
1413393311.155761 46.251014
1413393311.205760 25.411715
1413393311.255760 25.366569
1413393311.305760 24.692009
1413393311.355761 23.397889
1413393311.405761 26.263728
1413393311.455760 30.419118
1413393311.505760 24.092473
1413393311.555760 23.044253
1413393311.605761 24.001522
1413393311.655761 22.508113
1413393311.705760 24.445720
1413393311.755760 24.189349
1413393311.805760 24.750919
1413393311.855761 23.264375
1413393311.905761 24.324953
1413393311.955760 24.524769
1413393312.005760 24.025345
1413393312.055760 24.918444
1413393312.105761 27.394069
1413393312.155761 31.311048
1413393312.205760 29.892291
1413393312.255760 30.269247
1413393312.305760 29.937136
1413393312.355761 23.813771
1413393312.405761 23.612398
1413393312.455760 24.762477
1413393312.505760 25.069824
1413393312.555760 23.426225
1413393312.605761 27.177328
1413393312.655761 23.980668
1413393312.705760 23.780337
1413393312.755760 23.756695
1413393312.805760 22.515173
1413393312.855761 23.173570
1413393312.905761 23.393322
1413393312.955760 23.599426
1413393313.005760 21.687564
1413393313.055760 25.853828
1413393313.105761 24.576715
1413393313.155761 23.257039
1413393313.205760 24.159189
1413393313.255760 22.791870
1413393313.305760 24.838065
1413393313.355761 22.979791
1413393313.405761 25.643565
1413393313.455760 24.115718
1413393313.505760 25.353924
1413393313.555760 24.738605
1413393313.605761 25.589097
1413393313.655761 24.094657
1413393313.705760 25.362591
1413393313.755760 24.181370
1413393313.805760 25.307026
1413393313.855761 23.857627
1413393313.905761 24.804327
1413393313.955760 30.576701
1413393314.005760 31.992401
1413393314.055760 25.651369
1413393314.105761 25.890335
1413393314.155761 23.998622
1413393314.205760 24.634259
1413393314.255760 24.313418
1413393314.305760 25.255801
1413393314.355761 24.992599
1413393314.405761 27.484410
1413393314.455760 24.082436
1413393314.505760 24.017969
1413393314.555760 24.032018
1413393314.605761 25.263672
1413393314.655761 24.273739
1413393314.705760 24.856778
1413393314.755760 25.460428
1413393314.805760 23.323526
1413393314.855761 23.573048
1413393314.905761 25.552222
1413393314.955760 24.405180
1413393315.005760 23.873299
1413393315.055760 24.236243
1413393315.105761 25.039767
1413393315.155761 23.860068
1413393315.205760 25.987163
1413393315.255760 24.691678
1413393315.305760 25.105020
1413393315.355761 25.354685
1413393315.405761 24.003612
1413393315.455760 25.183693
1413393315.505760 23.389983
1413393315.555760 23.900497
1413393315.605761 24.376997
1413393315.655761 24.434507
1413393315.705760 24.962289
1413393315.755760 24.480284
1413393315.805760 25.879194
1413393315.855761 32.870500
1413393315.905761 27.265395
1413393315.955760 31.702611
1413393316.005760 26.432210
1413393316.055760 29.433126
1413393316.105761 26.441582
1413393316.155761 25.027796
1413393316.205760 25.172489
1413393316.255760 24.244049
1413393316.305760 23.469450
1413393316.355761 23.624979
1413393316.405761 27.405902
1413393316.455760 31.442420
1413393316.505760 28.578678
1413393316.555760 31.641013
1413393316.605761 23.872895
1413393316.655761 26.174793
1413393316.705760 22.632558
1413393316.755760 23.529178
1413393316.805760 24.200736
1413393316.855761 23.515659
1413393316.905761 24.215919
1413393316.955760 23.883043
1413393317.005760 24.243762
1413393317.055760 25.376079
1413393317.105761 23.869275
1413393317.155761 22.420104
1413393317.205760 27.339838
1413393317.255760 27.623999
1413393317.305760 27.221533
1413393317.355761 25.839801
1413393317.405761 23.925722
1413393317.455760 24.020633
1413393317.505760 23.698725
1413393317.555760 24.111420
1413393317.605761 22.751790
1413393317.655761 23.884961
1413393317.705760 23.862239
1413393317.755760 23.901381
1413393317.805760 22.405825
1413393317.855761 23.517956
1413393317.905761 22.610264
1413393317.955760 23.018895
1413393318.005760 22.595180
1413393318.055760 21.828277
1413393318.105761 23.551309
1413393318.155761 22.085667
1413393318.205760 23.100898
1413393318.255760 23.016195
1413393318.305760 23.609625
1413393318.355761 24.377288
1413393318.405761 22.516604
1413393318.455760 31.086441
1413393318.505760 24.484617
1413393318.555760 23.869888
1413393318.605761 22.833030
1413393318.655761 22.949422
1413393318.705760 24.091126
1413393318.755760 24.819866
1413393318.805760 22.933233
1413393318.855761 25.405217
1413393318.905761 23.600601
1413393318.955760 24.013565
1413393319.005760 22.109918
1413393319.055760 23.475953
1413393319.105761 24.832053
1413393319.155761 24.332852
1413393319.205760 22.538782
1413393319.255760 24.528233
1413393319.305760 25.785871
1413393319.355761 24.245627
1413393319.405761 30.257772
1413393319.455760 26.542679
1413393319.505760 28.052580
1413393319.555760 42.409495
1413393319.605761 28.284987
1413393319.655761 27.039538
1413393319.705760 26.500703
1413393319.755760 26.181945
1413393319.805760 30.270103
1413393319.855761 25.430937
1413393319.905761 25.351310
1413393319.955760 25.095094
1413393320.005760 26.372404
1413393320.055760 26.163606
1413393320.105761 32.605100
1413393320.155761 36.370556
1413393320.205760 33.854223
1413393320.255760 40.170771
1413393320.305760 37.068329
1413393320.355761 32.639595
1413393320.405761 27.510095
1413393320.455760 27.987832
1413393320.505760 26.395034
1413393320.555760 27.669408
1413393320.605761 25.471847
1413393320.655761 27.028759
1413393320.705760 29.280443
1413393320.755760 33.427481
1413393320.805760 34.830767
1413393320.855761 39.896476
1413393320.905761 32.100745
1413393320.955760 31.647974
1413393321.005760 29.722321
1413393321.055760 30.720714
1413393321.105761 31.237569
1413393321.155761 29.089072
1413393321.205760 30.137241
1413393321.255760 21.688904
1413393321.305760 30.422628
1413393321.355761 29.238670
1413393321.405761 30.268792
1413393321.455760 29.007354
1413393321.505760 26.979862
1413393321.555760 25.461349
1413393321.605761 19.393793
1413393321.655761 21.043979
1413393321.705760 19.311783
1413393321.755760 20.166519
1413393321.805760 18.702568
1413393321.855761 19.268156
1413393321.905761 18.825440
1413393321.955760 19.523179
1413393322.005760 18.816475
1413393322.055760 19.540079
1413393322.105761 18.120376
1413393322.155761 18.650335
1413393322.205760 18.705647
1413393322.255760 20.037664
1413393322.305760 18.334657
1413393322.355761 18.659581
1413393322.405761 18.923099
1413393322.455760 20.173295
1413393322.505760 18.632587
1413393322.555760 18.647457
1413393322.605761 19.492579
1413393322.655761 19.875598
1413393322.705760 18.947749
1413393322.755760 23.762091
1413393322.805760 19.618960
1413393322.855761 23.734904
1413393322.905761 19.431757
1413393322.955760 23.888130
1413393323.005760 19.022568
1413393323.055760 24.366923
1413393323.105761 27.052520
1413393323.155761 19.948260
1413393323.205760 19.847793
1413393323.255760 22.001794
1413393323.305760 19.611935
1413393323.355761 19.796776
1413393323.405761 22.482764
1413393323.455760 23.691194
1413393323.505760 19.302751
1413393323.555760 22.939241
1413393323.605761 28.270466
1413393323.655761 22.708863
1413393323.705760 18.362161
1413393323.755760 27.450979
1413393323.805760 18.133527
1413393323.855761 18.766469
1413393323.905761 18.365161
1413393323.955760 19.883869
1413393324.005760 17.488619
1413393324.055760 19.774578
1413393324.105761 18.066012
1413393324.155761 21.123640
1413393324.205760 17.706942
1413393324.255760 19.066277
1413393324.305760 18.377923
1413393324.355761 26.858970
1413393324.405761 18.994299
1413393324.455760 26.903772
1413393324.505760 27.066772
1413393324.555760 20.055670
1413393324.605761 19.098486
1413393324.655761 19.842582
1413393324.705760 18.652804
1413393324.755760 26.429886
1413393324.805760 19.127112
1413393324.855761 26.738735
1413393324.905761 26.546954
1413393324.955760 27.724812
1413393325.005760 26.476626
1413393325.055760 28.910720
1413393325.105761 26.587645
1413393325.155761 19.977921
1413393325.205760 18.688827
1413393325.255760 22.458294
1413393325.305760 18.557983
1413393325.355761 28.406212
1413393325.405761 17.930771
1413393325.455760 18.910591
1413393325.505760 19.252221
1413393325.555760 23.583589
1413393325.605761 18.908900
1413393325.655761 19.650956
1413393325.705760 18.579702
1413393325.755760 19.597397
1413393325.805760 19.177095
1413393325.855761 18.050527
1413393325.905761 18.536065
1413393325.955760 20.358128
1413393326.005760 18.843359
1413393326.055760 17.952718
1413393326.105761 20.081517
1413393326.155761 23.157432
1413393326.205760 18.551299
