1403638518.177830 86.782727
1403638518.227829 28.793187
1403638518.277829 18.319206
1403638518.327830 17.792185
1403638518.377830 19.374473
1403638518.427830 20.922752
1403638518.477829 17.582276
1403638518.527829 17.101124
1403638518.577830 16.668960
1403638518.627830 16.438487
1403638518.677830 18.351686
1403638518.727829 16.619458
1403638518.777829 16.891222
1403638518.827830 17.287136
1403638518.877830 17.169892
1403638518.927830 17.535911
1403638518.977829 17.474387
1403638519.027829 18.456430
1403638519.077830 16.584192
1403638519.127830 16.394529
1403638519.177830 17.888799
1403638519.227829 15.846597
1403638519.277829 17.717095
1403638519.327830 18.205233
1403638519.377830 17.081211
1403638519.427830 16.131348
1403638519.477829 17.176841
1403638519.527829 16.682979
1403638519.577830 16.491431
1403638519.627830 16.809272
1403638519.677830 17.261791
1403638519.727829 16.661738
1403638519.777829 17.645276
1403638519.827830 16.826249
1403638519.877830 16.420350
1403638519.927830 17.248989
1403638519.977829 16.908480
1403638520.027829 16.277665
1403638520.077830 17.150501
1403638520.127830 16.738455
1403638520.177830 18.264066
1403638520.227829 16.227073
1403638520.277829 17.310102
1403638520.327830 16.557929
1403638520.377830 17.194598
1403638520.427830 16.816423
1403638520.477829 17.578357
1403638520.527829 15.990334
1403638520.577830 17.480233
1403638520.627830 16.345541
1403638520.677830 17.541031
1403638520.727829 17.012725
1403638520.777829 18.270223
1403638520.827830 15.458879
1403638520.877830 15.906835
1403638520.927830 15.779480
1403638520.977829 18.384752
1403638521.027829 16.928293
1403638521.077830 17.707193
1403638521.127830 16.183644
1403638521.177830 21.026590
1403638521.227829 18.642250
1403638521.277829 21.223913
1403638521.327830 18.750513
1403638521.377830 16.324682
1403638521.427830 17.449089
1403638521.477829 17.739076
1403638521.527829 16.675340
1403638521.577830 26.632191
1403638521.627830 23.633999
1403638521.677830 18.315390
1403638521.727829 17.236789
1403638521.777829 18.615780
1403638521.827830 18.928554
1403638521.877830 26.148653
1403638521.927830 25.163710
1403638521.977829 26.023758
1403638522.027829 24.327427
1403638522.077830 25.354490
1403638522.127830 25.041144
1403638522.177830 26.784490
1403638522.227829 24.413131
1403638522.277829 25.988818
1403638522.327830 26.438090
1403638522.377830 27.581655
1403638522.427830 25.616058
1403638522.477829 26.638914
1403638522.527829 26.652026
1403638522.577830 26.078176
1403638522.627830 23.844604
1403638522.677830 24.935029
1403638522.727829 24.410315
1403638522.777829 23.181199
1403638522.827830 23.035741
1403638522.877830 23.304985
1403638522.927830 23.280918
1403638522.977829 23.595701
1403638523.027829 24.308135
1403638523.077830 22.308762
1403638523.127830 22.170355
1403638523.177830 26.606166
1403638523.227829 24.320697
1403638523.277829 25.537277
1403638523.327830 24.260879
1403638523.377830 24.451880
1403638523.427830 24.035501
1403638523.477829 22.893671
1403638523.527829 25.333723
1403638523.577830 28.867810
1403638523.627830 26.101361
1403638523.677830 25.143801
1403638523.727829 28.849020
1403638523.777829 25.894170
1403638523.827830 26.137877
1403638523.877830 26.232964
1403638523.927830 27.534023
1403638523.977829 31.215238
1403638524.027829 30.011128
1403638524.077830 30.121969
1403638524.127830 27.703605
1403638524.177830 29.212512
1403638524.227829 27.136628
1403638524.277829 26.647333
1403638524.327830 28.394447
1403638524.377830 28.944255
1403638524.427830 27.134754
1403638524.477829 28.523571
1403638524.527829 23.660192
1403638524.577830 25.216932
1403638524.627830 24.443275
1403638524.677830 22.361828
1403638524.727829 23.781986
1403638524.777829 24.451636
1403638524.827830 24.362986
1403638524.877830 24.688473
1403638524.927830 23.553309
1403638524.977829 24.295039
1403638525.027829 24.656279
1403638525.077830 23.732069
1403638525.127830 22.769297
1403638525.177830 24.781170
1403638525.227829 31.180830
1403638525.277829 32.325924
1403638525.327830 25.423741
1403638525.377830 25.434268
1403638525.427830 23.463329
1403638525.477829 25.069138
1403638525.527829 24.465950
1403638525.577830 26.428931
1403638525.627830 28.778513
1403638525.677830 26.523562
1403638525.727829 27.139394
1403638525.777829 27.234314
1403638525.827830 27.889034
1403638525.877830 27.590486
1403638525.927830 27.615246
1403638525.977829 28.741451
1403638526.027829 27.546621
1403638526.077830 26.652451
1403638526.127830 30.595764
1403638526.177830 25.649484
1403638526.227829 29.783262
1403638526.277829 26.694353
1403638526.327830 27.696391
1403638526.377830 25.454462
1403638526.427830 26.387970
1403638526.477829 25.679183
1403638526.527829 26.121290
1403638526.577830 25.338574
1403638526.627830 25.529272
1403638526.677830 24.809898
1403638526.727829 24.472763
1403638526.777829 27.096681
1403638526.827830 28.596615
1403638526.877830 26.539903
1403638526.927830 26.875343
1403638526.977829 24.887492
1403638527.027829 27.237275
1403638527.077830 23.982345
1403638527.127830 25.012384
1403638527.177830 25.349893
1403638527.227829 25.988075
1403638527.277829 24.867282
1403638527.327830 30.029778
1403638527.377830 27.717354
1403638527.427830 26.517486
1403638527.477829 25.104150
1403638527.527829 27.135790
1403638527.577830 25.662200
1403638527.627830 25.128816
1403638527.677830 26.826180
1403638527.727829 27.712251
1403638527.777829 26.787138
1403638527.827830 26.514694
1403638527.877830 32.837376
1403638527.927830 28.410145
1403638527.977829 27.331889
1403638528.027829 29.967239
1403638528.077830 27.803396
1403638528.127830 24.196048
1403638528.177830 31.933017
1403638528.227829 26.305012
1403638528.277829 23.552605
1403638528.327830 26.156433
1403638528.377830 25.661599
1403638528.427830 23.874059
1403638528.477829 24.107075
1403638528.527829 24.388249
1403638528.577830 26.269961
1403638528.627830 24.467710
1403638528.677830 24.042385
1403638528.727829 24.342571
1403638528.777829 32.066482
1403638528.827830 28.823421
1403638528.877830 33.008392
1403638528.927830 30.214904
1403638528.977829 33.840018
1403638529.027829 31.670105
1403638529.077830 25.380921
1403638529.127830 25.242149
1403638529.177830 24.066831
1403638529.227829 26.047397
1403638529.277829 26.710497
1403638529.327830 26.210614
1403638529.377830 28.416346
1403638529.427830 33.960833
1403638529.477829 36.589199
1403638529.527829 32.365437
1403638529.577830 29.274555
1403638529.627830 27.851341
1403638529.677830 29.502319
1403638529.727829 30.063025
1403638529.777829 30.033371
1403638529.827830 29.079963
1403638529.877830 31.137787
1403638529.927830 29.395175
1403638529.977829 30.360271
1403638530.027829 28.590046
1403638530.077830 30.675717
1403638530.127830 29.351922
1403638530.177830 30.698107
1403638530.227829 25.729840
1403638530.277829 27.407522
1403638530.327830 26.768997
1403638530.377830 30.101807
1403638530.427830 26.898016
1403638530.477829 28.947315
1403638530.527829 27.068980
1403638530.577830 30.523491
1403638530.627830 28.148811
1403638530.677830 27.350723
1403638530.727829 28.307858
1403638530.777829 36.130548
1403638530.827830 30.011188
1403638530.877830 27.804557
1403638530.927830 29.178718
1403638530.977829 30.247352
1403638531.027829 28.147513
1403638531.077830 28.423757
1403638531.127830 26.118975
1403638531.177830 17.865246
1403638531.227829 20.700702
1403638531.277829 26.902029
1403638531.327830 25.590497
1403638531.377830 21.935138
1403638531.427830 22.858740
1403638531.477829 23.409072
1403638531.527829 20.631035
1403638531.577830 18.591573
1403638531.627830 18.467405
1403638531.677830 18.623911
1403638531.727829 26.454296
1403638531.777829 17.629459
1403638531.827830 17.993202
1403638531.877830 20.163005
1403638531.927830 18.045846
1403638531.977829 18.434665
1403638532.027829 18.105206
1403638532.077830 18.980340
1403638532.127830 17.865647
1403638532.177830 18.451798
1403638532.227829 17.760978
1403638532.277829 18.622854
1403638532.327830 16.446092
1403638532.377830 24.523507
1403638532.427830 17.003214
1403638532.477829 19.272925
1403638532.527829 17.869365
1403638532.577830 18.203913
1403638532.627830 17.722394
1403638532.677830 21.739811
1403638532.727829 18.040061
1403638532.777829 19.028206
1403638532.827830 17.879983
1403638532.877830 18.541708
1403638532.927830 18.052739
1403638532.977829 19.342004
1403638533.027829 18.114505
1403638533.077830 18.093269
1403638533.127830 17.552551
1403638533.177830 18.189103
1403638533.227829 18.469301
1403638533.277829 18.183019
1403638533.327830 17.785813
1403638533.377830 17.876440
1403638533.427830 17.993092
1403638533.477829 22.329070
1403638533.527829 19.507356
1403638533.577830 18.987491
1403638533.627830 17.449191
1403638533.677830 18.732965
1403638533.727829 17.638812
1403638533.777829 18.380669
1403638533.827830 17.019749
1403638533.877830 29.218857
1403638533.927830 26.857053
1403638533.977829 26.986553
1403638534.027829 24.163207
1403638534.077830 34.631651
1403638534.127830 26.142965
1403638534.177830 27.856521
1403638534.227829 26.389080
1403638534.277829 28.629450
1403638534.327830 25.262925
1403638534.377830 17.798507
1403638534.427830 26.452931
1403638534.477829 27.356857
1403638534.527829 26.992993
1403638534.577830 29.305317
1403638534.627830 26.908322
1403638534.677830 26.955057
1403638534.727829 25.794246
1403638534.777829 18.112300
1403638534.827830 18.079507
1403638534.877830 25.843985
1403638534.927830 17.524008
1403638534.977829 18.099142
1403638535.027829 17.114839
1403638535.077830 19.436587
1403638535.127830 18.077410
1403638535.177830 26.281916
1403638535.227829 18.679090
1403638535.277829 17.227630
1403638535.327830 16.658037
1403638535.377830 17.629495
1403638535.427830 17.450229
1403638535.477829 18.162512
1403638535.527829 16.337214
1403638535.577830 18.881538
1403638535.627830 18.198540
1403638535.677830 18.388285
1403638535.727829 16.433755
1403638535.777829 18.840057
1403638535.827830 16.768997
1403638535.877830 17.567347
1403638535.927830 17.320326
1403638535.977829 26.786919
1403638536.027829 18.151977
1403638536.077830 17.468451
1403638536.127830 16.614093
1403638536.177830 18.594516
1403638536.227829 18.604716
1403638536.277829 18.739772
1403638536.327830 17.226063
1403638536.377830 17.145944
1403638536.427830 17.541507
1403638536.477829 18.126778
1403638536.527829 17.476698
1403638536.577830 18.846519
1403638536.627830 17.160663
1403638536.677830 19.451066
1403638536.727829 18.002839
1403638536.777829 17.912495
1403638536.827830 17.233122
1403638536.877830 26.676896
1403638536.927830 17.250476
1403638536.977829 18.267152
1403638537.027829 18.104060
1403638537.077830 19.436432
1403638537.127830 18.058647
1403638537.177830 18.606027
1403638537.227829 17.670075
1403638537.277829 18.235783
1403638537.327830 17.422132
1403638537.377830 18.571538
1403638537.427830 17.456383
1403638537.477829 18.026551
1403638537.527829 17.659735
1403638537.577830 22.077284
1403638537.627830 18.325973
1403638537.677830 22.766822
1403638537.727829 19.487223
1403638537.777829 17.360354
1403638537.827830 18.488095
1403638537.877830 17.826035
1403638537.927830 17.476245
1403638537.977829 17.323380
1403638538.027829 17.363166
1403638538.077830 17.887065
1403638538.127830 17.933589
1403638538.177830 17.884769
1403638538.227829 18.316805
1403638538.277829 18.247580
1403638538.327830 17.363901
1403638538.377830 18.217852
1403638538.427830 16.785006
1403638538.477829 17.909467
1403638538.527829 18.601803
1403638538.577830 17.418253
1403638538.627830 17.804640
1403638538.677830 18.117047
1403638538.727829 25.810548
1403638538.777829 17.887820
1403638538.827830 20.886660
1403638538.877830 27.504335
1403638538.927830 25.269748
1403638538.977829 27.470457
1403638539.027829 25.924552
1403638539.077830 34.183466
1403638539.127830 32.754895
1403638539.177830 29.504033
1403638539.227829 27.383277
1403638539.277829 33.932152
1403638539.327830 26.985507
1403638539.377830 29.428077
1403638539.427830 27.054750
1403638539.477829 26.562629
1403638539.527829 25.327205
1403638539.577830 25.762731
1403638539.627830 25.098603
1403638539.677830 27.429097
1403638539.727829 23.386843
1403638539.777829 23.825493
1403638539.827830 24.627922
1403638539.877830 26.702929
1403638539.927830 23.623070
1403638539.977829 24.617688
1403638540.027829 23.179964
1403638540.077830 23.608743
1403638540.127830 25.005669
1403638540.177830 27.297302
1403638540.227829 24.472102
1403638540.277829 28.949088
1403638540.327830 24.951176
1403638540.377830 24.006903
1403638540.427830 26.786589
1403638540.477829 26.506054
1403638540.527829 25.320486
1403638540.577830 23.791047
1403638540.627830 24.620130
1403638540.677830 31.559839
1403638540.727829 28.051030
1403638540.777829 32.032872
1403638540.827830 31.648845
1403638540.877830 29.380223
1403638540.927830 31.528371
1403638540.977829 32.723373
1403638541.027829 29.091919
1403638541.077830 32.205723
1403638541.127830 32.511468
1403638541.177830 30.200571
1403638541.227829 29.708296
1403638541.277829 24.366000
1403638541.327830 27.153834
1403638541.377830 32.134631
1403638541.427830 26.573679
1403638541.477829 23.147773
1403638541.527829 24.568070
1403638541.577830 24.345546
1403638541.627830 23.796029
1403638541.677830 15.387770
1403638541.727829 25.107021
1403638541.777829 24.023585
1403638541.827830 23.349436
1403638541.877830 23.654324
1403638541.927830 23.679005
1403638541.977829 24.627029
1403638542.027829 23.552068
1403638542.077830 26.205076
1403638542.127830 24.934372
1403638542.177830 32.638523
1403638542.227829 30.782871
1403638542.277829 31.617144
1403638542.327830 30.876270
1403638542.377830 25.328138
1403638542.427830 25.984825
1403638542.477829 23.890311
1403638542.527829 25.223585
1403638542.577830 24.430946
1403638542.627830 25.344322
1403638542.677830 23.486216
1403638542.727829 25.058899
1403638542.777829 24.934439
1403638542.827830 23.900576
1403638542.877830 24.489572
1403638542.927830 23.046917
1403638542.977829 25.438995
1403638543.027829 26.087430
1403638543.077830 23.867225
1403638543.127830 23.698295
1403638543.177830 31.715601
1403638543.227829 30.216396
1403638543.277829 31.318755
1403638543.327830 27.947822
1403638543.377830 30.981751
1403638543.427830 28.590595
1403638543.477829 25.493536
1403638543.527829 22.533826
1403638543.577830 23.448014
1403638543.627830 25.948982
1403638543.677830 22.565491
1403638543.727829 23.988969
1403638543.777829 23.857895
1403638543.827830 22.905924
1403638543.877830 30.806621
1403638543.927830 29.814695
1403638543.977829 31.772724
1403638544.027829 30.914996
1403638544.077830 26.628558
1403638544.127830 23.779034
1403638544.177830 31.401789
1403638544.227829 28.004267
1403638544.277829 21.779480
1403638544.327830 23.116135
1403638544.377830 25.074021
1403638544.427830 24.614606
1403638544.477829 23.713405
1403638544.527829 23.551047
1403638544.577830 24.442244
1403638544.627830 23.716266
1403638544.677830 24.530970
1403638544.727829 26.634138
1403638544.777829 24.905907
1403638544.827830 24.784923
1403638544.877830 31.845280
1403638544.927830 25.345086
1403638544.977829 23.479046
1403638545.027829 23.407230
1403638545.077830 22.036551
1403638545.127830 23.690528
1403638545.177830 16.319038
1403638545.227829 25.866599
1403638545.277829 23.675894
1403638545.327830 22.484846
1403638545.377830 23.227889
1403638545.427830 23.039477
1403638545.477829 22.867255
1403638545.527829 23.533701
1403638545.577830 22.330586
1403638545.627830 23.764711
1403638545.677830 36.058339
1403638545.727829 24.737795
1403638545.777829 15.706989
1403638545.827830 24.022204
1403638545.877830 22.520067
1403638545.927830 24.567769
1403638545.977829 23.224690
1403638546.027829 25.734984
1403638546.077830 22.498085
1403638546.127830 25.013722
1403638546.177830 24.009177
1403638546.227829 25.017662
1403638546.277829 25.169621
1403638546.327830 23.921202
1403638546.377830 24.104454
1403638546.427830 26.092328
1403638546.477829 23.713300
1403638546.527829 25.570185
1403638546.577830 32.816286
1403638546.627830 30.676613
1403638546.677830 23.709967
1403638546.727829 23.864463
1403638546.777829 24.742463
1403638546.827830 24.908424
1403638546.877830 22.876164
1403638546.927830 22.676918
1403638546.977829 15.687991
1403638547.027829 25.227329
1403638547.077830 24.024810
1403638547.127830 24.295902
1403638547.177830 25.503383
1403638547.227829 25.313095
1403638547.277829 24.821324
1403638547.327830 15.106852
1403638547.377830 24.622291
1403638547.427830 23.828509
1403638547.477829 24.719361
1403638547.527829 25.050506
1403638547.577830 23.996634
1403638547.627830 24.764068
1403638547.677830 26.211182
1403638547.727829 23.358132
1403638547.777829 16.215354
1403638547.827830 26.415814
1403638547.877830 24.327790
1403638547.927830 26.285698
1403638547.977829 26.863209
1403638548.027829 28.025146
1403638548.077830 23.865826
1403638548.127830 24.446994
1403638548.177830 23.969624
1403638548.227829 25.199916
1403638548.277829 25.803072
1403638548.327830 23.053944
1403638548.377830 24.326205
1403638548.427830 23.672269
1403638548.477829 23.829168
1403638548.527829 25.258047
1403638548.577830 32.156673
1403638548.627830 24.746066
1403638548.677830 24.737290
1403638548.727829 24.437372
1403638548.777829 24.622804
1403638548.827830 24.458335
1403638548.877830 24.885178
1403638548.927830 24.842554
1403638548.977829 23.999892
1403638549.027829 23.977505
1403638549.077830 25.837850
1403638549.127830 24.736022
1403638549.177830 24.468517
1403638549.227829 22.323786
1403638549.277829 23.736193
1403638549.327830 27.642865
1403638549.377830 25.599676
1403638549.427830 23.606147
1403638549.477829 30.548085
1403638549.527829 28.415666
1403638549.577830 32.218890
1403638549.627830 27.014381
1403638549.677830 31.263059
1403638549.727829 26.653508
1403638549.777829 24.152179
1403638549.827830 27.093045
1403638549.877830 23.369710
1403638549.927830 23.866850
1403638549.977829 24.441394
1403638550.027829 25.892515
1403638550.077830 25.486654
1403638550.127830 23.866786
1403638550.177830 26.254556
1403638550.227829 24.344065
1403638550.277829 26.489948
1403638550.327830 24.822159
1403638550.377830 27.673024
1403638550.427830 24.754887
1403638550.477829 23.712887
1403638550.527829 23.259881
1403638550.577830 23.399653
1403638550.627830 24.216329
1403638550.677830 25.037440
1403638550.727829 24.454975
1403638550.777829 24.340536
1403638550.827830 23.503484
1403638550.877830 23.975306
1403638550.927830 25.750990
1403638550.977829 24.159411
1403638551.027829 24.605017
1403638551.077830 23.668749
1403638551.127830 24.787662
1403638551.177830 24.152775
1403638551.227829 24.884673
1403638551.277829 25.089204
1403638551.327830 24.085130
1403638551.377830 31.102774
1403638551.427830 25.448314
1403638551.477829 24.220155
1403638551.527829 23.576572
1403638551.577830 23.492259
1403638551.627830 22.834111
1403638551.677830 22.713828
1403638551.727829 25.033310
1403638551.777829 24.486885
1403638551.827830 26.151107
1403638551.877830 23.983246
1403638551.927830 31.125856
1403638551.977829 30.394674
1403638552.027829 30.844561
1403638552.077830 31.732458
1403638552.127830 22.338211
1403638552.177830 22.777196
1403638552.227829 23.732233
1403638552.277829 25.241884
1403638552.327830 23.536353
1403638552.377830 24.347161
1403638552.427830 24.201856
1403638552.477829 21.825620
1403638552.527829 24.541152
1403638552.577830 31.569137
1403638552.627830 24.377658
1403638552.677830 25.797625
1403638552.727829 24.558586
1403638552.777829 23.837726
1403638552.827830 24.330363
1403638552.877830 24.465640
1403638552.927830 16.282821
1403638552.977829 22.945815
1403638553.027829 23.796081
1403638553.077830 23.260094
1403638553.127830 22.311918
1403638553.177830 25.979624
1403638553.227829 28.769126
1403638553.277829 31.239833
1403638553.327830 26.301132
1403638553.377830 34.685649
1403638553.427830 21.847376
1403638553.477829 23.674222
1403638553.527829 24.422781
1403638553.577830 25.977276
1403638553.627830 23.325103
1403638553.677830 23.806446
1403638553.727829 25.413902
1403638553.777829 15.075571
1403638553.827830 24.017859
1403638553.877830 24.508201
1403638553.927830 24.130907
1403638553.977829 24.508695
1403638554.027829 22.360228
1403638554.077830 21.584776
1403638554.127830 24.707461
1403638554.177830 24.533460
1403638554.227829 28.599336
1403638554.277829 24.259089
1403638554.327830 22.837673
1403638554.377830 29.563741
1403638554.427830 27.737828
1403638554.477829 22.217858
1403638554.527829 24.128876
1403638554.577830 24.392962
1403638554.627830 25.016929
1403638554.677830 24.015067
1403638554.727829 23.861983
1403638554.777829 25.724428
1403638554.827830 25.123013
1403638554.877830 24.740496
1403638554.927830 23.089637
1403638554.977829 26.072398
1403638555.027829 25.034995
1403638555.077830 24.672629
1403638555.127830 23.969966
1403638555.177830 23.016795
1403638555.227829 24.842065
1403638555.277829 23.522563
1403638555.327830 24.447691
1403638555.377830 24.804583
1403638555.427830 23.881043
1403638555.477829 24.900278
1403638555.527829 25.223664
1403638555.577830 24.646081
1403638555.627830 25.103193
1403638555.677830 23.342820
1403638555.727829 24.576146
1403638555.777829 25.527458
1403638555.827830 26.240077
1403638555.877830 31.994050
1403638555.927830 26.569897
1403638555.977829 24.068977
1403638556.027829 15.945564
1403638556.077830 23.972643
1403638556.127830 23.531596
1403638556.177830 23.086574
1403638556.227829 23.803877
1403638556.277829 31.812253
1403638556.327830 31.047693
1403638556.377830 33.350278
1403638556.427830 29.926612
1403638556.477829 28.034897
1403638556.527829 25.035852
1403638556.577830 26.017682
1403638556.627830 24.736392
1403638556.677830 23.537201
1403638556.727829 25.439889
1403638556.777829 31.870188
1403638556.827830 23.993452
1403638556.877830 22.337029
1403638556.927830 24.326682
1403638556.977829 24.919247
1403638557.027829 23.208351
1403638557.077830 23.594922
1403638557.127830 24.808761
1403638557.177830 23.657803
1403638557.227829 24.428677
1403638557.277829 22.487164
1403638557.327830 23.742539
1403638557.377830 24.332785
1403638557.427830 24.766030
1403638557.477829 24.207120
1403638557.527829 30.919432
1403638557.577830 30.830053
1403638557.627830 26.880013
1403638557.677830 26.896253
1403638557.727829 24.890975
1403638557.777829 24.769340
1403638557.827830 29.265184
1403638557.877830 30.622119
1403638557.927830 29.189358
1403638557.977829 27.217973
1403638558.027829 26.398215
1403638558.077830 24.389059
1403638558.127830 24.427595
1403638558.177830 31.925191
1403638558.227829 28.547239
1403638558.277829 31.282219
1403638558.327830 26.326799
1403638558.377830 24.045346
1403638558.427830 24.329033
1403638558.477829 26.553289
1403638558.527829 25.027545
1403638558.577830 24.324328
1403638558.627830 25.239702
1403638558.677830 23.367594
1403638558.727829 25.140680
1403638558.777829 26.147145
1403638558.827830 23.831900
1403638558.877830 28.281880
1403638558.927830 25.339820
1403638558.977829 26.274167
1403638559.027829 26.992966
1403638559.077830 25.314237
1403638559.127830 23.440175
1403638559.177830 24.797730
1403638559.227829 24.685693
1403638559.277829 22.930337
1403638559.327830 26.838963
1403638559.377830 31.669524
1403638559.427830 27.015525
1403638559.477829 32.568465
1403638559.527829 26.547726
1403638559.577830 23.048193
1403638559.627830 24.248468
1403638559.677830 25.238647
1403638559.727829 24.244356
1403638559.777829 24.811798
1403638559.827830 24.973776
1403638559.877830 25.451959
1403638559.927830 24.865114
1403638559.977829 24.663212
1403638560.027829 24.855064
1403638560.077830 23.339543
1403638560.127830 24.499192
1403638560.177830 31.478987
1403638560.227829 27.235758
1403638560.277829 24.067500
1403638560.327830 26.698041
1403638560.377830 23.915332
1403638560.427830 25.166151
1403638560.477829 24.450188
1403638560.527829 23.705113
1403638560.577830 24.586901
1403638560.627830 25.508051
1403638560.677830 24.086399
1403638560.727829 23.525518
1403638560.777829 24.138229
1403638560.827830 24.841570
1403638560.877830 25.365653
1403638560.927830 26.014126
1403638560.977829 24.185189
1403638561.027829 26.053819
1403638561.077830 31.491998
1403638561.127830 28.070245
1403638561.177830 32.201111
1403638561.227829 27.207249
1403638561.277829 26.372275
1403638561.327830 23.869589
1403638561.377830 30.889816
1403638561.427830 29.160977
1403638561.477829 30.313208
1403638561.527829 27.857033
1403638561.577830 25.247510
1403638561.627830 24.773593
1403638561.677830 24.735823
1403638561.727829 24.410455
1403638561.777829 24.735453
1403638561.827830 25.108503
1403638561.877830 24.793277
1403638561.927830 23.308895
1403638561.977829 24.204715
1403638562.027829 25.272550
1403638562.077830 24.524277
1403638562.127830 23.817771
1403638562.177830 24.453343
1403638562.227829 25.509997
1403638562.277829 23.874046
1403638562.327830 25.168974
1403638562.377830 24.003388
1403638562.427830 25.398602
1403638562.477829 23.017922
1403638562.527829 28.054869
1403638562.577830 31.592492
1403638562.627830 29.841936
1403638562.677830 21.920091
1403638562.727829 24.409693
1403638562.777829 24.731260
1403638562.827830 26.118828
1403638562.877830 32.253035
1403638562.927830 26.671025
1403638562.977829 24.822638
1403638563.027829 25.199336
1403638563.077830 24.222267
1403638563.127830 25.314753
1403638563.177830 24.089254
1403638563.227829 22.489898
1403638563.277829 23.295079
1403638563.327830 25.493294
1403638563.377830 24.494759
1403638563.427830 24.293949
1403638563.477829 23.852575
1403638563.527829 25.528596
1403638563.577830 27.960417
1403638563.627830 25.674213
1403638563.677830 24.024723
1403638563.727829 23.845224
1403638563.777829 25.419522
1403638563.827830 25.211577
1403638563.877830 15.166153
1403638563.927830 23.361856
1403638563.977829 24.438979
1403638564.027829 25.142830
1403638564.077830 23.626076
1403638564.127830 24.850018
1403638564.177830 25.613128
1403638564.227829 22.537789
1403638564.277829 24.422930
1403638564.327830 24.405986
1403638564.377830 25.886568
1403638564.427830 24.285232
1403638564.477829 23.726349
1403638564.527829 24.060364
1403638564.577830 26.298823
1403638564.627830 26.953619
1403638564.677830 26.880479
1403638564.727829 24.279746
1403638564.777829 24.482485
1403638564.827830 21.899554
1403638564.877830 22.493657
1403638564.927830 24.078299
1403638564.977829 23.968004
1403638565.027829 22.972843
1403638565.077830 23.066942
1403638565.127830 24.091609
1403638565.177830 28.652951
1403638565.227829 25.071625
1403638565.277829 29.264340
1403638565.327830 23.968705
1403638565.377830 24.521390
1403638565.427830 24.769757
1403638565.477829 25.027557
1403638565.527829 24.919791
1403638565.577830 23.555082
1403638565.627830 26.171261
1403638565.677830 25.434207
1403638565.727829 24.010119
1403638565.777829 24.273226
1403638565.827830 23.444853
1403638565.877830 23.434402
1403638565.927830 24.479027
1403638565.977829 24.129761
1403638566.027829 23.896451
1403638566.077830 24.040156
1403638566.127830 24.045355
1403638566.177830 24.586869
1403638566.227829 24.723425
1403638566.277829 23.671308
1403638566.327830 27.711120
1403638566.377830 26.710213
1403638566.427830 31.355343
1403638566.477829 24.061751
1403638566.527829 24.476237
1403638566.577830 25.833943
1403638566.627830 24.067182
1403638566.677830 28.567131
1403638566.727829 27.254424
1403638566.777829 29.083673
1403638566.827830 23.868667
1403638566.877830 23.447389
1403638566.927830 22.638803
1403638566.977829 23.085319
1403638567.027829 23.135385
1403638567.077830 23.926254
1403638567.127830 26.798781
1403638567.177830 33.344731
1403638567.227829 31.353794
1403638567.277829 30.082295
1403638567.327830 31.079426
1403638567.377830 33.248981
1403638567.427830 23.442688
1403638567.477829 22.747161
1403638567.527829 24.223836
1403638567.577830 26.144659
1403638567.627830 25.484521
1403638567.677830 23.825278
1403638567.727829 23.416913
1403638567.777829 32.559931
1403638567.827830 26.850454
1403638567.877830 22.464498
1403638567.927830 23.030512
1403638567.977829 24.441200
1403638568.027829 24.861645
1403638568.077830 23.076197
1403638568.127830 24.075915
1403638568.177830 24.860219
1403638568.227829 28.339073
1403638568.277829 24.395005
1403638568.327830 24.975888
1403638568.377830 25.357579
1403638568.427830 24.945309
1403638568.477829 22.745876
1403638568.527829 23.610383
1403638568.577830 24.603531
1403638568.627830 25.208929
1403638568.677830 24.913034
1403638568.727829 24.098357
1403638568.777829 23.341193
1403638568.827830 25.240417
1403638568.877830 24.213058
1403638568.927830 17.272144
1403638568.977829 15.933233
1403638569.027829 23.659665
1403638569.077830 24.098997
1403638569.127830 17.986958
1403638569.177830 23.759583
1403638569.227829 23.918113
1403638569.277829 23.547181
1403638569.327830 22.863200
1403638569.377830 22.448776
1403638569.427830 22.960205
1403638569.477829 24.116013
1403638569.527829 23.974551
1403638569.577830 24.554261
1403638569.627830 14.676413
1403638569.677830 15.815286
1403638569.727829 24.228224
1403638569.777829 16.153608
1403638569.827830 14.655109
1403638569.877830 24.519852
1403638569.927830 23.911534
1403638569.977829 23.897448
1403638570.027829 23.086673
1403638570.077830 16.355603
1403638570.127830 15.802524
1403638570.177830 23.847221
1403638570.227829 23.307651
1403638570.277829 22.577814
1403638570.327830 22.786501
1403638570.377830 24.865257
1403638570.427830 21.584559
1403638570.477829 23.053200
1403638570.527829 27.690164
1403638570.577830 33.803725
1403638570.627830 30.532349
1403638570.677830 32.630271
1403638570.727829 26.152867
1403638570.777829 33.084833
1403638570.827830 31.164020
1403638570.877830 33.663101
1403638570.927830 29.233288
1403638570.977829 29.008387
1403638571.027829 25.411846
1403638571.077830 31.040751
1403638571.127830 25.156741
1403638571.177830 25.683540
1403638571.227829 24.501970
1403638571.277829 23.911939
1403638571.327830 24.206608
1403638571.377830 26.262416
1403638571.427830 24.225265
1403638571.477829 24.956911
1403638571.527829 24.698416
1403638571.577830 31.220763
1403638571.627830 25.989098
1403638571.677830 23.703293
1403638571.727829 24.013714
1403638571.777829 24.613352
1403638571.827830 25.757798
1403638571.877830 23.483889
1403638571.927830 26.981396
1403638571.977829 32.062719
1403638572.027829 25.551220
1403638572.077830 24.826350
1403638572.127830 25.182517
1403638572.177830 24.999179
1403638572.227829 24.897924
1403638572.277829 25.818588
1403638572.327830 24.036383
1403638572.377830 25.249518
1403638572.427830 24.949158
1403638572.477829 22.871267
1403638572.527829 23.694057
1403638572.577830 24.518187
1403638572.627830 23.951684
1403638572.677830 24.328156
1403638572.727829 23.163021
1403638572.777829 24.497539
1403638572.827830 25.190872
1403638572.877830 27.418517
1403638572.927830 26.169909
1403638572.977829 30.287263
1403638573.027829 32.822297
1403638573.077830 23.258487
1403638573.127830 24.241836
1403638573.177830 23.804146
1403638573.227829 24.367966
1403638573.277829 23.632671
1403638573.327830 26.560720
1403638573.377830 23.795810
1403638573.427830 24.442774
1403638573.477829 23.986458
1403638573.527829 27.023297
1403638573.577830 25.605011
1403638573.627830 25.558149
1403638573.677830 24.385439
1403638573.727829 24.971532
1403638573.777829 24.541226
1403638573.827830 27.310557
1403638573.877830 24.240388
1403638573.927830 26.001754
1403638573.977829 24.257697
1403638574.027829 23.595193
1403638574.077830 27.281580
1403638574.127830 23.965768
1403638574.177830 24.083484
1403638574.227829 24.967484
1403638574.277829 23.548219
1403638574.327830 27.552762
1403638574.377830 22.592684
1403638574.427830 24.324884
1403638574.477829 31.200726
1403638574.527829 25.037960
1403638574.577830 23.832684
1403638574.627830 24.911710
1403638574.677830 22.799616
1403638574.727829 24.830615
1403638574.777829 24.973571
1403638574.827830 24.631163
1403638574.877830 23.760993
1403638574.927830 22.428569
1403638574.977829 23.111744
1403638575.027829 24.069782
1403638575.077830 25.475809
1403638575.127830 26.211873
1403638575.177830 24.935948
1403638575.227829 23.506766
1403638575.277829 23.062125
1403638575.327830 26.423634
1403638575.377830 30.806258
1403638575.427830 21.694390
1403638575.477829 23.964697
1403638575.527829 23.264331
1403638575.577830 24.322300
1403638575.627830 23.478455
1403638575.677830 24.220670
1403638575.727829 23.885292
1403638575.777829 24.083891
1403638575.827830 24.507761
1403638575.877830 24.827634
1403638575.927830 24.949164
1403638575.977829 23.217202
1403638576.027829 24.755448
1403638576.077830 21.629391
1403638576.127830 24.051780
1403638576.177830 23.407252
1403638576.227829 26.810871
1403638576.277829 23.657107
1403638576.327830 24.099117
1403638576.377830 23.447548
1403638576.427830 23.505745
1403638576.477829 24.458299
1403638576.527829 22.163576
1403638576.577830 23.455633
1403638576.627830 24.138706
1403638576.677830 24.500567
1403638576.727829 26.168589
1403638576.777829 22.642432
1403638576.827830 23.722212
1403638576.877830 22.371418
1403638576.927830 24.704310
1403638576.977829 23.069715
1403638577.027829 24.255023
1403638577.077830 22.538437
1403638577.127830 23.871054
1403638577.177830 22.634878
1403638577.227829 23.690282
1403638577.277829 23.706435
1403638577.327830 23.575693
1403638577.377830 23.214943
1403638577.427830 22.775747
1403638577.477829 25.305229
1403638577.527829 22.689855
1403638577.577830 29.337695
1403638577.627830 23.534651
1403638577.677830 24.803074
1403638577.727829 25.785334
1403638577.777829 23.146891
1403638577.827830 22.592339
1403638577.877830 23.128808
1403638577.927830 23.403524
1403638577.977829 25.286952
1403638578.027829 22.246311
1403638578.077830 22.567704
1403638578.127830 22.101303
1403638578.177830 22.546658
1403638578.227829 21.923944
1403638578.277829 21.918872
1403638578.327830 22.194690
1403638578.377830 23.557077
1403638578.427830 23.039779
1403638578.477829 23.273902
1403638578.527829 23.072962
1403638578.577830 24.516692
1403638578.627830 24.959257
1403638578.677830 27.590908
1403638578.727829 22.660045
1403638578.777829 21.240424
1403638578.827830 23.010440
1403638578.877830 22.204244
1403638578.927830 21.946900
1403638578.977829 24.416921
1403638579.027829 20.733069
1403638579.077830 21.551058
1403638579.127830 22.689560
1403638579.177830 28.811876
1403638579.227829 20.403793
1403638579.277829 21.540965
1403638579.327830 20.764104
1403638579.377830 19.840894
1403638579.427830 19.656497
1403638579.477829 21.954188
1403638579.527829 21.251444
1403638579.577830 21.220641
1403638579.627830 21.700037
1403638579.677830 21.864177
1403638579.727829 20.715508
1403638579.777829 20.562932
1403638579.827830 22.114145
1403638579.877830 20.957725
1403638579.927830 23.327823
1403638579.977829 22.790863
1403638580.027829 26.755480
1403638580.077830 26.680082
1403638580.127830 22.030412
1403638580.177830 21.896937
1403638580.227829 20.722461
1403638580.277829 20.740337
1403638580.327830 21.946773
1403638580.377830 22.687228
1403638580.427830 20.736346
1403638580.477829 21.479567
1403638580.527829 21.367242
1403638580.577830 20.128197
1403638580.627830 20.180386
1403638580.677830 21.880428
1403638580.727829 20.204795
1403638580.777829 22.440797
1403638580.827830 25.432508
1403638580.877830 22.925267
1403638580.927830 21.901301
1403638580.977829 20.920086
1403638581.027829 21.129065
1403638581.077830 20.800188
1403638581.127830 21.767383
1403638581.177830 22.483367
1403638581.227829 21.029810
1403638581.277829 20.793385
1403638581.327830 20.276240
1403638581.377830 22.688738
1403638581.427830 20.804703
1403638581.477829 21.390396
1403638581.527829 20.069918
1403638581.577830 22.803505
1403638581.627830 21.227485
1403638581.677830 21.057619
1403638581.727829 20.248313
1403638581.777829 21.041021
1403638581.827830 23.033860
1403638581.877830 20.671077
1403638581.927830 20.519718
1403638581.977829 21.414883
1403638582.027829 19.407788
1403638582.077830 21.579798
1403638582.127830 21.639580
1403638582.177830 21.050857
1403638582.227829 19.942362
1403638582.277829 21.475694
1403638582.327830 21.338946
1403638582.377830 23.088224
1403638582.427830 21.118627
1403638582.477829 19.819442
1403638582.527829 19.984894
1403638582.577830 21.453856
1403638582.627830 20.827583
1403638582.677830 27.722353
1403638582.727829 20.835981
1403638582.777829 22.274856
1403638582.827830 20.015979
1403638582.877830 22.351561
1403638582.927830 20.526098
1403638582.977829 21.061589
1403638583.027829 21.580593
1403638583.077830 22.079107
1403638583.127830 20.104253
1403638583.177830 23.239155
1403638583.227829 20.499158
1403638583.277829 21.730059
1403638583.327830 21.386310
1403638583.377830 21.875874
1403638583.427830 20.715924
1403638583.477829 20.134559
1403638583.527829 22.588581
1403638583.577830 28.487226
1403638583.627830 22.176669
1403638583.677830 21.099337
1403638583.727829 20.807603
1403638583.777829 21.972507
1403638583.827830 21.669901
1403638583.877830 21.350378
1403638583.927830 21.059386
1403638583.977829 22.905608
1403638584.027829 21.492061
1403638584.077830 21.351386
1403638584.127830 20.526215
1403638584.177830 22.597894
1403638584.227829 36.971503
1403638584.277829 20.488788
1403638584.327830 27.253080
1403638584.377830 22.552534
1403638584.427830 28.886299
1403638584.477829 21.065875
1403638584.527829 20.590914
1403638584.577830 21.049882
1403638584.627830 20.822240
1403638584.677830 21.621312
1403638584.727829 20.586520
1403638584.777829 23.076119
1403638584.827830 23.057839
1403638584.877830 20.526605
1403638584.927830 21.358515
1403638584.977829 22.160347
1403638585.027829 19.905777
1403638585.077830 22.060111
1403638585.127830 21.459172
1403638585.177830 22.109459
1403638585.227829 21.292421
1403638585.277829 21.829722
1403638585.327830 22.091795
1403638585.377830 21.593393
1403638585.427830 21.666404
1403638585.477829 23.051208
1403638585.527829 22.313587
1403638585.577830 29.435958
1403638585.627830 21.222186
1403638585.677830 28.928891
1403638585.727829 22.443589
1403638585.777829 29.033670
1403638585.827830 20.151435
1403638585.877830 28.079632
1403638585.927830 21.596040
1403638585.977829 22.215370
1403638586.027829 20.316874
1403638586.077830 21.492755
1403638586.127830 20.058343
1403638586.177830 21.745734
1403638586.227829 21.004264
1403638586.277829 20.508221
1403638586.327830 21.401629
1403638586.377830 22.802646
1403638586.427830 22.802958
1403638586.477829 28.633870
1403638586.527829 20.838935
1403638586.577830 23.735164
1403638586.627830 23.352943
1403638586.677830 21.451400
1403638586.727829 21.131413
1403638586.777829 22.133024
1403638586.827830 21.429507
1403638586.877830 23.612417
1403638586.927830 21.218011
1403638586.977829 22.623451
1403638587.027829 22.141631
1403638587.077830 21.410829
1403638587.127830 24.176425
1403638587.177830 24.023546
1403638587.227829 25.432570
1403638587.277829 23.769706
1403638587.327830 21.510318
1403638587.377830 21.921968
1403638587.427830 23.374272
1403638587.477829 29.159385
1403638587.527829 20.944714
1403638587.577830 21.330300
1403638587.627830 28.204985
1403638587.677830 29.684450
1403638587.727829 22.074261
1403638587.777829 29.059344
1403638587.827830 23.331667
1403638587.877830 22.508065
1403638587.927830 21.751629
1403638587.977829 22.911093
1403638588.027829 21.630699
1403638588.077830 23.800616
1403638588.127830 22.743801
1403638588.177830 22.052863
1403638588.227829 21.748487
1403638588.277829 29.530513
1403638588.327830 22.874458
1403638588.377830 22.529039
1403638588.427830 24.472467
1403638588.477829 23.488295
1403638588.527829 22.291344
1403638588.577830 21.993619
1403638588.627830 25.889436
1403638588.677830 24.505667
1403638588.727829 22.020828
1403638588.777829 30.451530
1403638588.827830 23.377984
1403638588.877830 23.965706
1403638588.927830 23.862537
1403638588.977829 23.370771
1403638589.027829 23.650521
1403638589.077830 24.342822
1403638589.127830 22.531625
1403638589.177830 24.003778
1403638589.227829 26.178277
1403638589.277829 23.851203
1403638589.327830 22.327267
1403638589.377830 22.709783
1403638589.427830 27.662941
1403638589.477829 25.369081
1403638589.527829 21.566721
1403638589.577830 31.503543
1403638589.627830 29.516326
1403638589.677830 23.524999
1403638589.727829 22.026684
1403638589.777829 22.690016
1403638589.827830 23.983928
1403638589.877830 23.206324
1403638589.927830 22.323145
1403638589.977829 23.197390
1403638590.027829 22.817838
1403638590.077830 24.382390
1403638590.127830 22.024883
1403638590.177830 22.582732
1403638590.227829 23.001755
1403638590.277829 24.347472
1403638590.327830 22.613995
1403638590.377830 24.197032
1403638590.427830 23.865519
1403638590.477829 23.556866
1403638590.527829 24.319264
1403638590.577830 23.986199
1403638590.627830 25.120048
1403638590.677830 23.813733
1403638590.727829 23.411872
1403638590.777829 23.577582
1403638590.827830 22.894858
1403638590.877830 24.185918
1403638590.927830 24.368437
1403638590.977829 24.228948
1403638591.027829 24.323444
1403638591.077830 23.248788
1403638591.127830 23.105451
1403638591.177830 23.818416
1403638591.227829 22.960304
1403638591.277829 23.498217
1403638591.327830 22.800714
1403638591.377830 24.444052
1403638591.427830 25.181076
1403638591.477829 23.486229
1403638591.527829 23.802881
1403638591.577830 24.522916
1403638591.627830 25.056382
1403638591.677830 23.690168
1403638591.727829 22.550097
1403638591.777829 23.403198
1403638591.827830 23.821541
1403638591.877830 23.548786
1403638591.927830 21.763329
1403638591.977829 23.763339
1403638592.027829 24.761837
1403638592.077830 23.024798
1403638592.127830 22.370930
1403638592.177830 23.277005
1403638592.227829 25.902865
1403638592.277829 28.648048
1403638592.327830 22.285085
1403638592.377830 23.478824
1403638592.427830 23.724966
1403638592.477829 23.273782
1403638592.527829 23.769989
1403638592.577830 25.758326
1403638592.627830 25.704085
1403638592.677830 25.239885
1403638592.727829 22.675026
1403638592.777829 25.279783
1403638592.827830 24.117477
1403638592.877830 28.855163
1403638592.927830 23.791193
1403638592.977829 26.218892
1403638593.027829 23.117762
1403638593.077830 23.423029
1403638593.127830 22.188552
1403638593.177830 24.490757
1403638593.227829 21.934845
1403638593.277829 21.825000
1403638593.327830 28.591222
1403638593.377830 22.742320
1403638593.427830 24.375714
1403638593.477829 25.679200
1403638593.527829 24.539170
1403638593.577830 24.588045
1403638593.627830 26.236427
1403638593.677830 26.365739
1403638593.727829 24.601717
1403638593.777829 29.491020
1403638593.827830 22.564065
1403638593.877830 23.712986
1403638593.927830 24.172017
1403638593.977829 23.716740
1403638594.027829 23.791266
1403638594.077830 25.625478
1403638594.127830 24.583303
1403638594.177830 23.812459
1403638594.227829 24.099091
1403638594.277829 23.317307
1403638594.327830 22.114599
1403638594.377830 23.206408
1403638594.427830 23.634976
1403638594.477829 23.119417
1403638594.527829 21.991925
1403638594.577830 23.703499
1403638594.627830 24.876163
1403638594.677830 23.657791
1403638594.727829 23.358091
1403638594.777829 23.567397
1403638594.827830 23.266654
1403638594.877830 15.213094
1403638594.927830 14.743834
1403638594.977829 23.243517
1403638595.027829 13.705733
1403638595.077830 22.671153
1403638595.127830 21.779157
1403638595.177830 13.582872
1403638595.227829 23.839418
1403638595.277829 15.998708
1403638595.327830 22.481460
1403638595.377830 15.464402
1403638595.427830 15.513621
1403638595.477829 15.301908
1403638595.527829 15.395209
1403638595.577830 23.076153
1403638595.627830 21.444462
1403638595.677830 22.258899
1403638595.727829 22.334473
1403638595.777829 22.787515
1403638595.827830 22.686094
1403638595.877830 21.719553
1403638595.927830 22.858483
1403638595.977829 14.118701
1403638596.027829 22.973315
1403638596.077830 22.542768
1403638596.127830 21.675457
1403638596.177830 24.240807
1403638596.227829 22.753831
1403638596.277829 23.136034
1403638596.327830 23.442101
1403638596.377830 23.166332
1403638596.427830 22.467977
1403638596.477829 21.767260
1403638596.527829 24.589154
1403638596.577830 30.664153
1403638596.627830 24.859356
1403638596.677830 22.985651
1403638596.727829 23.233089
1403638596.777829 26.295043
1403638596.827830 24.033431
1403638596.877830 23.091265
1403638596.927830 24.052873
1403638596.977829 24.010193
1403638597.027829 22.491326
1403638597.077830 21.362009
1403638597.127830 24.529022
1403638597.177830 24.004571
1403638597.227829 24.176260
1403638597.277829 24.745102
1403638597.327830 24.933334
1403638597.377830 24.437933
1403638597.427830 25.528902
1403638597.477829 32.109517
1403638597.527829 28.705312
1403638597.577830 34.461993
1403638597.627830 29.141530
1403638597.677830 31.994805
1403638597.727829 28.217297
1403638597.777829 25.036324
1403638597.827830 25.147603
1403638597.877830 25.014105
1403638597.927830 25.989252
1403638597.977829 25.212492
1403638598.027829 31.945850
1403638598.077830 23.769540
1403638598.127830 24.524496
1403638598.177830 33.395669
1403638598.227829 29.890550
1403638598.277829 30.066517
1403638598.327830 23.561402
1403638598.377830 24.888906
1403638598.427830 26.920428
1403638598.477829 25.026863
1403638598.527829 24.475451
1403638598.577830 24.274783
1403638598.627830 26.114893
1403638598.677830 24.894002
1403638598.727829 27.104347
1403638598.777829 24.379276
1403638598.827830 25.159796
1403638598.877830 24.639813
1403638598.927830 24.857873
1403638598.977829 24.710613
1403638599.027829 24.912034
1403638599.077830 24.138019
1403638599.127830 25.060765
1403638599.177830 24.998303
1403638599.227829 24.147278
1403638599.277829 22.714088
1403638599.327830 24.822260
1403638599.377830 23.489967
1403638599.427830 26.070130
1403638599.477829 24.477586
1403638599.527829 32.666643
1403638599.577830 31.455096
1403638599.627830 29.848683
1403638599.677830 22.985795
1403638599.727829 26.029826
1403638599.777829 25.007889
1403638599.827830 24.069859
1403638599.877830 26.632920
1403638599.927830 26.218431
1403638599.977829 25.438425
1403638600.027829 26.117770
1403638600.077830 25.884213
1403638600.127830 23.651220
1403638600.177830 27.205427
1403638600.227829 26.754611
1403638600.277829 23.677725
1403638600.327830 25.365360
1403638600.377830 32.315481
1403638600.427830 29.184673
1403638600.477829 26.152773
1403638600.527829 29.336781
1403638600.577830 33.112745
1403638600.627830 26.669216
1403638600.677830 32.775599
1403638600.727829 22.290502
1403638600.777829 23.897742
1403638600.827830 22.373134
1403638600.877830 25.375062
1403638600.927830 23.570111
1403638600.977829 25.249002
1403638601.027829 23.621179
1403638601.077830 24.792365
1403638601.127830 28.120571
1403638601.177830 33.072006
1403638601.227829 26.818608
1403638601.277829 31.133065
1403638601.327830 24.360348
1403638601.377830 25.128689
1403638601.427830 25.104333
1403638601.477829 24.845131
1403638601.527829 24.791988
1403638601.577830 23.203516
1403638601.627830 25.122966
1403638601.677830 22.786647
1403638601.727829 24.862408
1403638601.777829 22.461734
1403638601.827830 24.931368
1403638601.877830 26.002382
1403638601.927830 24.981771
1403638601.977829 28.672107
1403638602.027829 24.370818
1403638602.077830 23.009270
1403638602.127830 22.791712
1403638602.177830 25.128452
1403638602.227829 23.690420
1403638602.277829 26.582955
1403638602.327830 29.495733
1403638602.377830 31.504776
1403638602.427830 28.289625
1403638602.477829 31.703152
1403638602.527829 28.108720
1403638602.577830 23.843851
1403638602.627830 25.710572
1403638602.677830 24.398014
1403638602.727829 24.241267
1403638602.777829 23.329973
1403638602.827830 22.457939
1403638602.877830 23.964346
1403638602.927830 24.911257
1403638602.977829 26.529128
1403638603.027829 25.761191
1403638603.077830 24.462546
1403638603.127830 22.747065
1403638603.177830 30.499494
1403638603.227829 24.057096
1403638603.277829 23.511365
1403638603.327830 24.897673
1403638603.377830 23.551709
1403638603.427830 25.801872
1403638603.477829 23.808871
1403638603.527829 27.054312
1403638603.577830 24.778657
1403638603.627830 25.370253
1403638603.677830 30.974742
1403638603.727829 29.321782
1403638603.777829 24.447372
1403638603.827830 31.111325
1403638603.877830 30.187825
1403638603.927830 28.025787
1403638603.977829 25.867940
1403638604.027829 23.862919
1403638604.077830 25.034989
1403638604.127830 24.496985
1403638604.177830 24.365545
1403638604.227829 22.158047
1403638604.277829 31.235543
1403638604.327830 23.906081
1403638604.377830 23.602056
1403638604.427830 26.036215
1403638604.477829 24.611880
1403638604.527829 23.311876
1403638604.577830 28.703618
1403638604.627830 25.474187
1403638604.677830 22.904782
1403638604.727829 24.151904
1403638604.777829 24.083371
1403638604.827830 24.184161
1403638604.877830 24.222917
1403638604.927830 25.440515
1403638604.977829 24.089913
1403638605.027829 24.888191
1403638605.077830 25.897183
1403638605.127830 24.482993
1403638605.177830 25.158848
1403638605.227829 31.565463
1403638605.277829 27.329277
1403638605.327830 25.694705
1403638605.377830 25.367453
1403638605.427830 25.245194
1403638605.477829 26.530820
1403638605.527829 24.813331
1403638605.577830 23.026457
1403638605.627830 24.916995
1403638605.677830 23.735229
1403638605.727829 24.456255
1403638605.777829 25.138656
1403638605.827830 25.779873
1403638605.877830 26.449025
1403638605.927830 24.104782
1403638605.977829 26.399442
1403638606.027829 24.309451
1403638606.077830 31.068551
1403638606.127830 27.382717
1403638606.177830 25.230000
1403638606.227829 25.120597
1403638606.277829 23.367415
1403638606.327830 23.735978
1403638606.377830 24.752537
1403638606.427830 23.840831
1403638606.477829 24.380020
1403638606.527829 24.006605
1403638606.577830 24.783470
1403638606.627830 25.742029
1403638606.677830 24.304796
1403638606.727829 25.189108
1403638606.777829 23.781047
1403638606.827830 24.154131
1403638606.877830 24.167282
1403638606.927830 25.629323
1403638606.977829 26.417928
1403638607.027829 24.293573
1403638607.077830 23.176095
1403638607.127830 25.959596
1403638607.177830 25.406583
1403638607.227829 25.774130
1403638607.277829 24.453661
1403638607.327830 25.591092
1403638607.377830 25.551384
1403638607.427830 23.592002
1403638607.477829 23.598854
1403638607.527829 27.861854
1403638607.577830 25.103846
1403638607.627830 25.193456
1403638607.677830 24.728814
1403638607.727829 24.429907
1403638607.777829 23.965215
1403638607.827830 23.974585
1403638607.877830 24.609462
1403638607.927830 32.004600
1403638607.977829 31.528051
1403638608.027829 30.958721
1403638608.077830 22.835014
1403638608.127830 24.732994
1403638608.177830 25.656248
1403638608.227829 24.706778
1403638608.277829 25.846525
1403638608.327830 25.816012
1403638608.377830 32.188562
1403638608.427830 27.394665
1403638608.477829 31.683264
1403638608.527829 28.962562
1403638608.577830 32.755788
1403638608.627830 25.064002
1403638608.677830 25.081459
1403638608.727829 26.216452
1403638608.777829 32.064359
1403638608.827830 32.307510
1403638608.877830 27.789479
1403638608.927830 24.468993
1403638608.977829 24.189851
1403638609.027829 26.300274
1403638609.077830 24.765279
1403638609.127830 25.060051
1403638609.177830 25.303641
1403638609.227829 26.944588
1403638609.277829 23.885300
1403638609.327830 25.753307
1403638609.377830 23.409868
1403638609.427830 25.895524
1403638609.477829 24.045625
1403638609.527829 23.264671
1403638609.577830 24.908673
1403638609.627830 26.825086
1403638609.677830 23.310203
1403638609.727829 23.333447
1403638609.777829 24.741952
1403638609.827830 25.225915
1403638609.877830 25.124228
1403638609.927830 23.629592
1403638609.977829 23.239408
1403638610.027829 17.189973
1403638610.077830 24.017061
1403638610.127830 15.894827
1403638610.177830 23.617579
1403638610.227829 24.335982
1403638610.277829 23.060888
1403638610.327830 23.082256
1403638610.377830 22.910183
1403638610.427830 24.121854
1403638610.477829 23.849829
1403638610.527829 23.450065
1403638610.577830 24.514385
1403638610.627830 23.163843
1403638610.677830 22.620218
1403638610.727829 21.604700
1403638610.777829 22.595701
1403638610.827830 21.474410
1403638610.877830 21.831202
1403638610.927830 22.184030
1403638610.977829 23.785529
1403638611.027829 24.572223
1403638611.077830 22.650922
1403638611.127830 24.049793
1403638611.177830 26.154139
1403638611.227829 21.540290
1403638611.277829 23.329964
1403638611.327830 25.976984
1403638611.377830 22.714093
1403638611.427830 23.567665
1403638611.477829 23.818553
1403638611.527829 23.048760
1403638611.577830 25.984313
1403638611.627830 23.943617
1403638611.677830 31.955961
1403638611.727829 29.290081
1403638611.777829 32.750183
1403638611.827830 28.811617
1403638611.877830 32.598489
1403638611.927830 24.074960
1403638611.977829 25.108218
1403638612.027829 23.164511
1403638612.077830 23.164196
1403638612.127830 21.825775
1403638612.177830 24.514451
1403638612.227829 24.838475
1403638612.277829 25.649800
1403638612.327830 23.867784
1403638612.377830 23.670746
1403638612.427830 26.022514
1403638612.477829 23.561694
1403638612.527829 25.204216
1403638612.577830 28.840224
1403638612.627830 22.779527
1403638612.677830 21.930021
1403638612.727829 22.937142
1403638612.777829 25.404872
1403638612.827830 23.384193
1403638612.877830 16.228188
1403638612.927830 24.219707
1403638612.977829 23.858569
1403638613.027829 22.593453
1403638613.077830 23.196137
1403638613.127830 14.561606
1403638613.177830 24.280932
1403638613.227829 25.955876
1403638613.277829 26.579370
1403638613.327830 24.341710
1403638613.377830 23.791390
1403638613.427830 26.902682
1403638613.477829 30.349575
1403638613.527829 31.175312
1403638613.577830 26.942322
1403638613.627830 22.972827
1403638613.677830 23.619223
1403638613.727829 24.326734
1403638613.777829 24.400834
1403638613.827830 21.801930
1403638613.877830 14.328471
1403638613.927830 25.007067
1403638613.977829 24.944536
1403638614.027829 15.187603
1403638614.077830 24.593524
1403638614.127830 31.548283
1403638614.177830 27.777134
1403638614.227829 24.269602
1403638614.277829 23.837780
1403638614.327830 23.984117
1403638614.377830 24.678133
1403638614.427830 23.700484
1403638614.477829 27.008288
1403638614.527829 25.741376
1403638614.577830 24.386645
1403638614.627830 25.814357
1403638614.677830 25.771722
1403638614.727829 25.778669
1403638614.777829 23.983511
1403638614.827830 23.157353
1403638614.877830 33.515058
1403638614.927830 32.511364
1403638614.977829 32.490648
1403638615.027829 31.273353
1403638615.077830 32.444550
1403638615.127830 31.988143
1403638615.177830 33.694744
1403638615.227829 29.774767
1403638615.277829 32.351103
1403638615.327830 26.835002
1403638615.377830 25.817781
1403638615.427830 24.517024
1403638615.477829 25.612343
1403638615.527829 25.765528
1403638615.577830 26.923361
1403638615.627830 26.380827
1403638615.677830 24.983664
1403638615.727829 24.705317
1403638615.777829 25.762087
1403638615.827830 23.360175
1403638615.877830 23.288565
1403638615.927830 22.455760
1403638615.977829 23.089656
1403638616.027829 23.918561
1403638616.077830 25.030819
1403638616.127830 22.982202
1403638616.177830 22.590322
1403638616.227829 22.992674
1403638616.277829 23.526236
1403638616.327830 24.861791
1403638616.377830 23.703338
1403638616.427830 22.808637
1403638616.477829 23.082381
1403638616.527829 21.632201
1403638616.577830 24.155843
1403638616.627830 23.128246
1403638616.677830 24.081331
1403638616.727829 23.792728
1403638616.777829 24.970017
1403638616.827830 28.023449
1403638616.877830 33.599370
1403638616.927830 24.196175
1403638616.977829 32.072665
1403638617.027829 35.762454
1403638617.077830 24.833378
1403638617.127830 25.492974
1403638617.177830 31.415256
1403638617.227829 25.171172
1403638617.277829 23.180646
1403638617.327830 23.592972
1403638617.377830 24.063592
1403638617.427830 25.717957
1403638617.477829 25.074067
1403638617.527829 24.402871
1403638617.577830 25.277585
1403638617.627830 23.873176
1403638617.677830 21.940457
1403638617.727829 22.281290
1403638617.777829 22.397384
1403638617.827830 25.618612
1403638617.877830 25.867469
1403638617.927830 24.976502
1403638617.977829 28.836367
1403638618.027829 24.649093
1403638618.077830 23.812218
1403638618.127830 24.176927
1403638618.177830 30.458878
1403638618.227829 24.822758
1403638618.277829 22.944861
1403638618.327830 23.831544
1403638618.377830 23.612451
1403638618.427830 23.237206
1403638618.477829 24.001869
1403638618.527829 23.488170
1403638618.577830 24.600704
1403638618.627830 23.976607
1403638618.677830 23.541477
1403638618.727829 24.272709
1403638618.777829 24.345582
1403638618.827830 24.236678
1403638618.877830 24.218133
1403638618.927830 29.938821
1403638618.977829 23.732351
1403638619.027829 24.148375
1403638619.077830 23.717438
1403638619.127830 26.005358
1403638619.177830 25.435899
1403638619.227829 24.116604
1403638619.277829 24.097889
1403638619.327830 23.996708
1403638619.377830 26.517590
1403638619.427830 23.648379
1403638619.477829 24.088375
1403638619.527829 23.476366
1403638619.577830 30.289634
1403638619.627830 23.283228
1403638619.677830 24.256451
1403638619.727829 28.790393
1403638619.777829 24.188851
1403638619.827830 26.132783
1403638619.877830 19.448001
1403638619.927830 30.716393
1403638619.977829 16.334752
1403638620.027829 25.606468
1403638620.077830 24.815686
1403638620.127830 25.428451
1403638620.177830 25.446055
1403638620.227829 23.332695
1403638620.277829 24.470329
1403638620.327830 24.289351
1403638620.377830 22.899735
1403638620.427830 24.656200
1403638620.477829 16.626868
1403638620.527829 22.805739
1403638620.577830 24.077213
1403638620.627830 27.351585
1403638620.677830 23.789482
1403638620.727829 21.638604
1403638620.777829 23.632798
1403638620.827830 23.283472
1403638620.877830 24.120562
1403638620.927830 23.790519
1403638620.977829 23.095254
1403638621.027829 22.601043
1403638621.077830 24.819568
1403638621.127830 22.967990
1403638621.177830 24.905390
1403638621.227829 22.563046
1403638621.277829 24.373330
1403638621.327830 23.343713
1403638621.377830 31.272165
1403638621.427830 22.894858
1403638621.477829 24.517789
1403638621.527829 27.526855
1403638621.577830 23.571143
1403638621.627830 22.369796
1403638621.677830 25.237195
1403638621.727829 24.307997
1403638621.777829 24.022802
1403638621.827830 22.651332
1403638621.877830 26.726347
1403638621.927830 25.542576
1403638621.977829 24.061277
1403638622.027829 23.082142
1403638622.077830 24.082699
1403638622.127830 25.167767
1403638622.177830 22.763111
1403638622.227829 15.303037
1403638622.277829 22.804309
1403638622.327830 14.275076
1403638622.377830 22.832091
1403638622.427830 21.602043
1403638622.477829 22.364646
1403638622.527829 15.753064
1403638622.577830 30.827592
1403638622.627830 22.372383
1403638622.677830 24.031425
1403638622.727829 23.845927
1403638622.777829 23.660673
1403638622.827830 23.263907
1403638622.877830 15.555892
1403638622.927830 22.973946
1403638622.977829 24.248729
1403638623.027829 24.991785
1403638623.077830 24.742397
1403638623.127830 28.129661
1403638623.177830 23.960725
1403638623.227829 20.494768
1403638623.277829 23.818367
1403638623.327830 23.824176
1403638623.377830 23.667082
1403638623.427830 22.827981
1403638623.477829 14.710895
1403638623.527829 28.434336
1403638623.577830 31.548932
1403638623.627830 16.775535
1403638623.677830 29.320492
1403638623.727829 17.454677
1403638623.777829 24.086146
1403638623.827830 15.270109
1403638623.877830 22.839420
1403638623.927830 21.672745
1403638623.977829 26.346510
1403638624.027829 25.632434
1403638624.077830 24.577508
1403638624.127830 24.856469
1403638624.177830 18.603264
1403638624.227829 23.771298
1403638624.277829 30.045714
1403638624.327830 23.398359
1403638624.377830 24.997052
1403638624.427830 22.905930
1403638624.477829 23.385724
1403638624.527829 22.431891
1403638624.577830 23.677416
1403638624.627830 23.190037
1403638624.677830 23.150795
1403638624.727829 22.949357
1403638624.777829 23.153952
1403638624.827830 22.907636
1403638624.877830 23.253318
1403638624.927830 23.826863
1403638624.977829 24.570735
1403638625.027829 25.967468
1403638625.077830 24.231416
1403638625.127830 24.924175
1403638625.177830 23.187582
1403638625.227829 23.350798
1403638625.277829 23.099041
1403638625.327830 23.656428
1403638625.377830 24.484505
1403638625.427830 23.272008
1403638625.477829 22.760763
1403638625.527829 24.200188
1403638625.577830 23.741238
1403638625.627830 25.175974
1403638625.677830 23.201191
1403638625.727829 22.779043
1403638625.777829 24.000518
1403638625.827830 24.121675
1403638625.877830 23.310996
1403638625.927830 22.571343
1403638625.977829 24.995872
1403638626.027829 23.421096
1403638626.077830 22.947910
1403638626.127830 23.017612
1403638626.177830 22.659297
1403638626.227829 22.066415
1403638626.277829 21.862737
1403638626.327830 23.113538
1403638626.377830 30.975304
1403638626.427830 27.414468
1403638626.477829 24.198527
1403638626.527829 22.041227
1403638626.577830 23.853115
1403638626.627830 25.677672
1403638626.677830 24.426891
1403638626.727829 23.207651
1403638626.777829 25.492488
1403638626.827830 25.158780
1403638626.877830 23.187637
1403638626.927830 25.313177
1403638626.977829 24.924839
1403638627.027829 16.499342
1403638627.077830 30.559374
1403638627.127830 27.538239
1403638627.177830 24.464780
1403638627.227829 25.324729
1403638627.277829 22.722042
1403638627.327830 23.874268
1403638627.377830 25.140453
1403638627.427830 25.620412
1403638627.477829 24.114855
1403638627.527829 22.526176
1403638627.577830 14.746273
1403638627.627830 21.638233
1403638627.677830 21.878372
1403638627.727829 23.072367
1403638627.777829 22.481611
1403638627.827830 23.554213
1403638627.877830 23.465675
1403638627.927830 25.253713
1403638627.977829 26.000766
1403638628.027829 24.916749
1403638628.077830 25.324312
1403638628.127830 25.881545
1403638628.177830 28.144293
1403638628.227829 27.329864
1403638628.277829 23.715867
1403638628.327830 24.355540
1403638628.377830 24.133402
1403638628.427830 25.975072
1403638628.477829 22.319193
1403638628.527829 23.241380
1403638628.577830 24.300817
1403638628.627830 24.096563
1403638628.677830 31.144148
1403638628.727829 26.611997
1403638628.777829 33.776335
1403638628.827830 29.110621
1403638628.877830 27.322979
1403638628.927830 25.195245
1403638628.977829 24.399260
1403638629.027829 22.504753
1403638629.077830 25.555488
1403638629.127830 24.595389
1403638629.177830 24.934399
1403638629.227829 28.447301
1403638629.277829 33.352967
1403638629.327830 25.481323
1403638629.377830 26.004368
1403638629.427830 24.478079
1403638629.477829 32.604644
1403638629.527829 26.813102
1403638629.577830 24.680120
1403638629.627830 27.272970
1403638629.677830 28.130809
1403638629.727829 26.845043
1403638629.777829 29.062211
1403638629.827830 23.595474
1403638629.877830 23.518343
1403638629.927830 31.051314
1403638629.977829 31.714221
1403638630.027829 32.122679
1403638630.077830 31.151254
1403638630.127830 26.905770
1403638630.177830 27.951993
1403638630.227829 28.629862
1403638630.277829 30.245928
1403638630.327830 32.157718
1403638630.377830 41.314397
1403638630.427830 32.625765
1403638630.477829 31.379402
1403638630.527829 26.997722
1403638630.577830 25.305580
1403638630.627830 26.250639
1403638630.677830 24.483855
1403638630.727829 31.123066
1403638630.777829 34.043264
1403638630.827830 26.556551
1403638630.877830 28.078590
1403638630.927830 26.196834
1403638630.977829 28.538800
1403638631.027829 25.360647
1403638631.077830 22.818409
1403638631.127830 27.502194
1403638631.177830 23.471454
1403638631.227829 17.637410
1403638631.277829 23.233964
1403638631.327830 44.547838
1403638631.377830 22.022885
1403638631.427830 17.543780
1403638631.477829 29.808058
1403638631.527829 23.907590
1403638631.577830 24.070329
1403638631.627830 20.333183
1403638631.677830 18.562915
