1413394881.755760 82.819283
1413394881.805760 28.486942
1413394881.855761 24.126110
1413394881.905761 22.940301
1413394881.955760 14.634311
1413394882.005760 24.824864
1413394882.055760 25.963863
1413394882.105761 25.527709
1413394882.155761 24.263315
1413394882.205760 23.149418
1413394882.255760 22.730974
1413394882.305760 25.073047
1413394882.355761 24.310878
1413394882.405761 24.955286
1413394882.455760 23.292198
1413394882.505760 24.501168
1413394882.555760 15.192193
1413394882.605761 16.070899
1413394882.655761 17.464387
1413394882.705760 15.980109
1413394882.755760 15.001183
1413394882.805760 15.787749
1413394882.855761 15.884858
1413394882.905761 16.532638
1413394882.955760 15.910017
1413394883.005760 15.843571
1413394883.055760 16.986228
1413394883.105761 16.165099
1413394883.155761 16.506942
1413394883.205760 14.999301
1413394883.255760 15.064801
1413394883.305760 15.032099
1413394883.355761 16.042274
1413394883.405761 15.377307
1413394883.455760 18.610275
1413394883.505760 14.955937
1413394883.555760 15.776462
1413394883.605761 15.513334
1413394883.655761 19.425017
1413394883.705760 15.629754
1413394883.755760 17.823800
1413394883.805760 14.601320
1413394883.855761 16.737908
1413394883.905761 15.534589
1413394883.955760 15.841738
1413394884.005760 15.864741
1413394884.055760 16.102544
1413394884.105761 15.321379
1413394884.155761 15.447123
1413394884.205760 15.942979
1413394884.255760 16.152333
1413394884.305760 15.269322
1413394884.355761 15.169877
1413394884.405761 15.224464
1413394884.455760 16.075184
1413394884.505760 14.683858
1413394884.555760 15.391103
1413394884.605761 15.239918
1413394884.655761 14.845930
1413394884.705760 15.233248
1413394884.755760 15.233507
1413394884.805760 15.558814
1413394884.855761 15.060209
1413394884.905761 16.334834
1413394884.955760 16.109358
1413394885.005760 14.571125
1413394885.055760 15.866434
1413394885.105761 15.754947
1413394885.155761 20.725451
1413394885.205760 15.457579
1413394885.255760 15.746668
1413394885.305760 14.889316
1413394885.355761 16.347664
1413394885.405761 14.847930
1413394885.455760 16.715834
1413394885.505760 15.375713
1413394885.555760 16.237077
1413394885.605761 15.183732
1413394885.655761 15.672722
1413394885.705760 23.362015
1413394885.755760 15.994195
1413394885.805760 14.722997
1413394885.855761 16.535255
1413394885.905761 15.399971
1413394885.955760 16.049062
1413394886.005760 22.879898
1413394886.055760 24.562115
1413394886.105761 23.541888
1413394886.155761 23.982995
1413394886.205760 23.713741
1413394886.255760 15.869713
1413394886.305760 16.349629
1413394886.355761 15.600911
1413394886.405761 14.296153
1413394886.455760 15.948189
1413394886.505760 15.372023
1413394886.555760 23.356971
1413394886.605761 15.778236
1413394886.655761 15.648586
1413394886.705760 15.433524
1413394886.755760 27.936841
1413394886.805760 23.180824
1413394886.855761 30.079918
1413394886.905761 23.923252
1413394886.955760 23.344987
1413394887.005760 23.983463
1413394887.055760 24.154129
1413394887.105761 24.737384
1413394887.155761 25.756408
1413394887.205760 24.557510
1413394887.255760 24.761628
1413394887.305760 25.010776
1413394887.355761 31.505670
1413394887.405761 27.051556
1413394887.455760 26.418439
1413394887.505760 24.990538
1413394887.555760 25.026583
1413394887.605761 24.270421
1413394887.655761 23.967725
1413394887.705760 29.293604
1413394887.755760 32.453289
1413394887.805760 23.317741
1413394887.855761 25.243365
1413394887.905761 23.292773
1413394887.955760 26.000174
1413394888.005760 23.231690
1413394888.055760 24.157149
1413394888.105761 25.174011
1413394888.155761 26.250651
1413394888.205760 24.873695
1413394888.255760 25.660923
1413394888.305760 23.731866
1413394888.355761 25.062779
1413394888.405761 17.478444
1413394888.455760 25.052864
1413394888.505760 28.362597
1413394888.555760 25.470685
1413394888.605761 26.057028
1413394888.655761 25.170910
1413394888.705760 26.057509
1413394888.755760 24.912774
1413394888.805760 25.489848
1413394888.855761 24.265177
1413394888.905761 25.786186
1413394888.955760 25.756152
1413394889.005760 27.408622
1413394889.055760 27.622639
1413394889.105761 26.275994
1413394889.155761 25.713184
1413394889.205760 24.623741
1413394889.255760 27.259122
1413394889.305760 26.976521
1413394889.355761 26.684332
1413394889.405761 24.445065
1413394889.455760 25.565545
1413394889.505760 25.940329
1413394889.555760 25.237038
1413394889.605761 24.859913
1413394889.655761 24.117455
1413394889.705760 25.601199
1413394889.755760 25.532251
1413394889.805760 29.031467
1413394889.855761 25.703650
1413394889.905761 24.632001
1413394889.955760 25.252011
1413394890.005760 27.727062
1413394890.055760 26.835179
1413394890.105761 25.755847
1413394890.155761 27.123015
1413394890.205760 25.362685
1413394890.255760 26.073670
1413394890.305760 25.105468
1413394890.355761 25.622114
1413394890.405761 28.517072
1413394890.455760 34.021078
1413394890.505760 25.751439
1413394890.555760 31.997010
1413394890.605761 25.558847
1413394890.655761 24.743450
1413394890.705760 25.855114
1413394890.755760 25.759742
1413394890.805760 23.202501
1413394890.855761 23.191035
1413394890.905761 27.367572
1413394890.955760 26.178387
1413394891.005760 29.376756
1413394891.055760 26.246152
1413394891.105761 28.104738
1413394891.155761 27.281992
1413394891.205760 25.448363
1413394891.255760 25.535948
1413394891.305760 26.120063
1413394891.355761 25.459432
1413394891.405761 24.725670
1413394891.455760 26.358573
1413394891.505760 25.770303
1413394891.555760 26.323386
1413394891.605761 27.237504
1413394891.655761 25.522832
1413394891.705760 26.754018
1413394891.755760 27.271259
1413394891.805760 25.158479
1413394891.855761 25.598115
1413394891.905761 26.612210
1413394891.955760 26.623651
1413394892.005760 24.179319
1413394892.055760 26.147348
1413394892.105761 30.713938
1413394892.155761 28.148723
1413394892.205760 27.442498
1413394892.255760 27.472999
1413394892.305760 27.592783
1413394892.355761 25.137056
1413394892.405761 27.323927
1413394892.455760 25.522241
1413394892.505760 24.578576
1413394892.555760 26.212578
1413394892.605761 26.214118
1413394892.655761 25.944098
1413394892.705760 25.556888
1413394892.755760 29.956500
1413394892.805760 25.658019
1413394892.855761 26.653906
1413394892.905761 29.324583
1413394892.955760 28.674866
1413394893.005760 26.416673
1413394893.055760 24.891330
1413394893.105761 27.827898
1413394893.155761 26.770849
1413394893.205760 27.794709
1413394893.255760 28.199410
1413394893.305760 28.494579
1413394893.355761 25.614613
1413394893.405761 30.053229
1413394893.455760 33.644165
1413394893.505760 26.120572
1413394893.555760 25.867084
1413394893.605761 23.698424
1413394893.655761 23.380152
1413394893.705760 24.868961
1413394893.755760 32.719839
1413394893.805760 31.429238
1413394893.855761 38.016792
1413394893.905761 31.796936
1413394893.955760 26.873519
1413394894.005760 26.479247
1413394894.055760 26.676658
1413394894.105761 29.221942
1413394894.155761 28.276414
1413394894.205760 30.592968
1413394894.255760 30.773878
1413394894.305760 27.634405
1413394894.355761 26.112032
1413394894.405761 27.057905
1413394894.455760 26.784376
1413394894.505760 26.396620
1413394894.555760 25.307635
1413394894.605761 27.873286
1413394894.655761 33.014838
1413394894.705760 30.049462
1413394894.755760 26.306199
1413394894.805760 27.342089
1413394894.855761 33.699054
1413394894.905761 29.121533
1413394894.955760 26.495215
1413394895.005760 27.026909
1413394895.055760 22.934090
1413394895.105761 22.902031
1413394895.155761 23.745062
1413394895.205760 24.075966
1413394895.255760 24.485151
1413394895.305760 27.941133
1413394895.355761 26.141171
1413394895.405761 24.182941
1413394895.455760 23.639510
1413394895.505760 24.679143
1413394895.555760 32.082745
1413394895.605761 24.127130
1413394895.655761 24.395039
1413394895.705760 26.606501
1413394895.755760 25.471464
1413394895.805760 23.176491
1413394895.855761 24.251972
1413394895.905761 28.093293
1413394895.955760 24.756935
1413394896.005760 26.425050
1413394896.055760 24.178211
1413394896.105761 26.628449
1413394896.155761 24.920619
1413394896.205760 25.541403
1413394896.255760 25.473816
1413394896.305760 25.275063
1413394896.355761 25.596936
1413394896.405761 25.005757
1413394896.455760 26.142907
1413394896.505760 25.685611
1413394896.555760 28.588452
1413394896.605761 25.552609
1413394896.655761 27.029110
1413394896.705760 27.605111
1413394896.755760 31.984681
1413394896.805760 27.433527
1413394896.855761 24.178761
1413394896.905761 26.580847
1413394896.955760 32.216333
1413394897.005760 28.546288
1413394897.055760 23.871934
1413394897.105761 24.250778
1413394897.155761 23.589823
1413394897.205760 25.597356
1413394897.255760 25.188798
1413394897.305760 28.397556
1413394897.355761 26.403438
1413394897.405761 27.735113
1413394897.455760 25.996632
1413394897.505760 26.302245
1413394897.555760 27.393126
1413394897.605761 26.720073
1413394897.655761 26.085761
1413394897.705760 27.131927
1413394897.755760 26.655557
1413394897.805760 27.840194
1413394897.855761 28.482583
1413394897.905761 28.645667
1413394897.955760 26.515914
1413394898.005760 25.504736
1413394898.055760 31.680045
1413394898.105761 32.128182
1413394898.155761 25.967632
1413394898.205760 24.001004
1413394898.255760 27.658650
1413394898.305760 28.200182
1413394898.355761 27.949342
1413394898.405761 26.744126
1413394898.455760 24.881773
1413394898.505760 25.744192
1413394898.555760 24.651249
1413394898.605761 25.414700
1413394898.655761 24.439915
1413394898.705760 25.216038
1413394898.755760 24.873840
1413394898.805760 23.951769
1413394898.855761 25.109021
1413394898.905761 25.264769
1413394898.955760 24.111907
1413394899.005760 24.648724
1413394899.055760 32.184896
1413394899.105761 26.564713
1413394899.155761 30.837689
1413394899.205760 26.116126
1413394899.255760 32.582487
1413394899.305760 24.869693
1413394899.355761 25.848276
1413394899.405761 24.879297
1413394899.455760 27.676239
1413394899.505760 25.934581
1413394899.555760 23.894423
1413394899.605761 25.565928
1413394899.655761 24.857928
1413394899.705760 25.064048
1413394899.755760 26.026678
1413394899.805760 27.683294
1413394899.855761 25.093676
1413394899.905761 26.356493
1413394899.955760 25.790130
1413394900.005760 28.635748
1413394900.055760 26.138031
1413394900.105761 26.334584
1413394900.155761 26.495193
1413394900.205760 29.208032
1413394900.255760 25.639055
1413394900.305760 26.429152
1413394900.355761 23.769402
1413394900.405761 26.098965
1413394900.455760 26.085302
1413394900.505760 25.323099
1413394900.555760 34.441553
1413394900.605761 26.902703
1413394900.655761 25.290484
1413394900.705760 25.466948
1413394900.755760 24.896967
1413394900.805760 29.292999
1413394900.855761 26.737718
1413394900.905761 25.970190
1413394900.955760 26.784307
1413394901.005760 26.576409
1413394901.055760 26.164735
1413394901.105761 30.193114
1413394901.155761 25.170327
1413394901.205760 26.298625
1413394901.255760 27.593484
1413394901.305760 29.626017
1413394901.355761 27.292843
1413394901.405761 26.597730
1413394901.455760 27.959202
1413394901.505760 26.335031
1413394901.555760 27.335261
1413394901.605761 27.013850
1413394901.655761 25.607910
1413394901.705760 26.854024
1413394901.755760 27.565353
1413394901.805760 26.694983
1413394901.855761 26.140516
1413394901.905761 26.520685
1413394901.955760 25.756596
1413394902.005760 24.787551
1413394902.055760 28.079909
1413394902.105761 25.558981
1413394902.155761 24.191885
1413394902.205760 27.588662
1413394902.255760 22.728547
1413394902.305760 26.092686
1413394902.355761 32.202255
1413394902.405761 27.196590
1413394902.455760 25.066923
1413394902.505760 25.644965
1413394902.555760 26.752167
1413394902.605761 26.045986
1413394902.655761 29.398143
1413394902.705760 30.292166
1413394902.755760 27.932364
1413394902.805760 26.526529
1413394902.855761 32.973142
1413394902.905761 24.481651
1413394902.955760 31.356394
1413394903.055760 24.238584
1413394903.155761 28.512250
1413394903.255760 27.866894
1413394903.355761 30.240130
1413394903.455760 24.644162
1413394903.555760 33.293776
1413394903.605761 27.184835
1413394903.655761 26.977169
1413394903.705760 29.430141
1413394903.755760 27.409508
1413394903.805760 24.915197
1413394903.855761 31.373427
1413394903.905761 26.256443
1413394903.955760 29.336603
1413394904.005760 26.188728
1413394904.055760 24.587706
1413394904.105761 25.351064
1413394904.155761 25.328979
1413394904.205760 24.615232
1413394904.255760 30.826247
1413394904.305760 25.104350
1413394904.355761 25.605076
1413394904.405761 24.989674
1413394904.455760 25.282334
1413394904.505760 25.392307
1413394904.555760 31.351482
1413394904.605761 25.679993
1413394904.655761 26.196531
1413394904.705760 25.888202
1413394904.755760 27.324341
1413394904.805760 25.725145
1413394904.855761 25.248242
1413394904.905761 26.161990
1413394904.955760 25.495935
1413394905.005760 23.985967
1413394905.055760 25.531348
1413394905.105761 25.868486
1413394905.155761 23.699832
1413394905.205760 27.660590
1413394905.255760 32.915715
1413394905.305760 25.082741
1413394905.355761 35.319365
1413394905.405761 27.012699
1413394905.455760 25.836553
1413394905.505760 26.239256
1413394905.555760 31.083042
1413394905.605761 24.256927
1413394905.655761 24.833225
1413394905.705760 24.716424
1413394905.755760 26.697699
1413394905.805760 30.098742
1413394905.855761 33.372489
1413394905.905761 26.545857
1413394905.955760 28.640562
1413394906.005760 26.715820
1413394906.055760 27.404795
1413394906.105761 23.942833
1413394906.155761 21.867386
1413394906.205760 26.159007
1413394906.255760 29.168762
1413394906.305760 25.460796
1413394906.355761 26.013136
1413394906.405761 26.480767
1413394906.455760 30.983173
1413394906.505760 24.877480
1413394906.555760 28.456931
1413394906.605761 25.150374
1413394906.655761 24.987833
1413394906.705760 24.504949
1413394906.755760 24.868520
1413394906.805760 24.320572
1413394906.855761 28.003985
1413394906.905761 23.836987
1413394906.955760 25.677638
1413394907.005760 25.948059
1413394907.055760 22.185035
1413394907.105761 22.945852
1413394907.155761 26.580176
1413394907.205760 58.363635
1413394907.255760 24.248488
1413394907.305760 25.276382
1413394907.355761 28.182747
1413394907.405761 28.440827
1413394907.455760 28.438267
1413394907.505760 27.114201
1413394907.555760 24.910442
1413394907.605761 27.336234
1413394907.655761 26.041040
1413394907.705760 24.286678
1413394907.755760 24.807612
1413394907.805760 26.841401
1413394907.855761 26.079375
1413394907.905761 24.721051
1413394907.955760 30.790967
1413394908.005760 25.563708
1413394908.055760 25.858481
1413394908.105761 22.765531
1413394908.155761 29.452896
1413394908.205760 26.411368
1413394908.255760 28.649310
1413394908.305760 24.360550
1413394908.355761 33.187260
1413394908.405761 25.264602
1413394908.455760 26.041425
1413394908.505760 23.816334
1413394908.555760 24.236302
1413394908.605761 24.291807
1413394908.655761 24.591862
1413394908.705760 25.399474
1413394908.755760 25.800681
1413394908.805760 25.731969
1413394908.855761 30.224069
1413394908.905761 26.844765
1413394908.955760 25.198808
1413394909.005760 22.839804
1413394909.055760 22.840438
1413394909.105761 24.818602
1413394909.155761 27.210758
1413394909.205760 24.792963
1413394909.255760 27.832142
1413394909.305760 22.384005
1413394909.355761 25.399232
1413394909.405761 27.084901
1413394909.455760 23.215320
1413394909.505760 24.281655
1413394909.555760 24.509064
1413394909.605761 25.408374
1413394909.655761 28.977348
1413394909.705760 23.264947
1413394909.755760 27.592082
1413394909.805760 29.311631
1413394909.855761 25.560465
1413394909.905761 24.010120
1413394909.955760 22.727068
1413394910.005760 26.625849
1413394910.055760 24.932257
1413394910.105761 28.752436
1413394910.155761 24.818248
1413394910.205760 28.785823
1413394910.255760 31.970633
1413394910.305760 24.884774
1413394910.355761 25.344894
1413394910.405761 24.600019
1413394910.455760 26.228159
1413394910.505760 24.535672
1413394910.555760 23.521226
1413394910.605761 29.427695
1413394910.655761 28.672439
1413394910.705760 31.067312
1413394910.755760 26.182486
1413394910.805760 24.341200
1413394910.855761 23.478547
1413394910.905761 22.933238
1413394910.955760 22.174379
1413394911.005760 22.341099
1413394911.055760 21.746405
1413394911.105761 25.353014
1413394911.155761 26.949309
1413394911.205760 29.267835
1413394911.255760 24.934390
1413394911.305760 22.788362
1413394911.355761 27.835631
1413394911.405761 26.152280
1413394911.455760 25.404704
1413394911.505760 25.971781
1413394911.555760 23.619531
1413394911.605761 24.326840
1413394911.655761 23.914029
1413394911.705760 27.096636
1413394911.755760 29.909134
1413394911.805760 25.005693
1413394911.855761 23.781572
1413394911.905761 22.288632
1413394911.955760 24.957349
1413394912.005760 25.271094
1413394912.055760 24.634143
1413394912.105761 25.018021
1413394912.155761 32.806080
1413394912.205760 26.911073
1413394912.255760 29.363163
1413394912.305760 28.930619
1413394912.355761 26.014422
1413394912.405761 26.457040
1413394912.455760 24.008997
1413394912.505760 32.270697
1413394912.555760 23.024564
1413394912.605761 28.061281
1413394912.655761 26.351522
1413394912.705760 23.758190
1413394912.755760 31.071614
1413394912.805760 28.022107
1413394912.855761 29.230636
1413394912.905761 24.016015
1413394912.955760 25.387465
1413394913.005760 26.665790
1413394913.055760 25.462496
1413394913.105761 25.070396
1413394913.155761 25.002280
1413394913.205760 23.604091
1413394913.255760 24.596578
1413394913.305760 23.112305
1413394913.355761 21.973971
1413394913.405761 28.170154
1413394913.455760 28.298056
1413394913.505760 26.352304
1413394913.555760 24.633042
1413394913.605761 27.121264
1413394913.655761 25.240088
1413394913.705760 25.415697
1413394913.755760 26.197536
1413394913.805760 26.555639
1413394913.855761 24.419405
1413394913.905761 27.814818
1413394913.955760 25.856931
1413394914.005760 26.689179
1413394914.055760 29.316525
1413394914.105761 30.330577
1413394914.155761 23.967252
1413394914.205760 25.411260
1413394914.255760 24.843815
1413394914.305760 29.057466
1413394914.355761 24.674693
1413394914.405761 25.437085
1413394914.455760 28.651477
1413394914.505760 27.608294
1413394914.555760 28.345411
1413394914.605761 26.315145
1413394914.655761 26.593857
1413394914.705760 26.373821
1413394914.755760 26.183495
1413394914.805760 28.031625
1413394914.855761 25.584178
1413394914.905761 24.352189
1413394914.955760 25.859695
1413394915.005760 24.421879
1413394915.055760 23.478690
1413394915.105761 23.242942
1413394915.155761 26.231386
1413394915.205760 24.325270
1413394915.255760 25.225019
1413394915.305760 25.471857
1413394915.355761 33.380744
1413394915.405761 27.458565
1413394915.455760 28.159743
1413394915.505760 26.502453
1413394915.555760 30.297978
1413394915.605761 28.063334
1413394915.655761 27.353782
1413394915.705760 28.059081
1413394915.755760 32.084494
1413394915.805760 28.464884
1413394915.855761 26.304208
1413394915.905761 27.015532
1413394915.955760 25.265276
1413394916.005760 29.072520
1413394916.055760 25.842771
1413394916.105761 24.652638
1413394916.155761 40.081061
1413394916.205760 26.504008
1413394916.255760 24.434104
1413394916.305760 31.194995
1413394916.355761 25.505403
1413394916.405761 26.177889
1413394916.455760 26.757691
1413394916.505760 27.706709
1413394916.555760 25.242271
1413394916.605761 27.363024
1413394916.655761 27.307478
1413394916.705760 25.608770
1413394916.755760 28.044462
1413394916.855761 25.188829
1413394916.955760 25.973450
1413394917.055760 23.586037
1413394917.155761 23.708835
1413394917.255760 22.295951
1413394917.355761 24.107066
1413394917.455760 23.041486
1413394917.555760 27.329962
1413394917.655761 23.709606
1413394917.755760 22.293160
1413394917.855761 23.259917
1413394917.955760 31.874484
1413394918.055760 26.449478
1413394918.155761 30.254164
1413394918.255760 25.747123
1413394918.355761 25.844009
1413394918.455760 24.883898
1413394918.555760 27.993226
1413394918.655761 24.920359
1413394918.755760 23.946148
1413394918.855761 24.220147
1413394918.955760 26.965767
1413394919.055760 24.248706
1413394919.155761 24.446789
1413394919.255760 24.688356
1413394919.355761 25.130688
1413394919.455760 23.177653
1413394919.555760 29.793683
1413394919.655761 23.999828
1413394919.755760 26.726791
1413394919.855761 24.325569
1413394919.955760 24.646492
1413394920.055760 22.790943
1413394920.155761 24.239288
1413394920.255760 24.659148
1413394920.355761 31.089341
1413394920.455760 23.795923
1413394920.555760 30.329908
1413394920.655761 23.474070
1413394920.755760 23.635732
1413394920.855761 24.278662
1413394920.955760 25.176938
1413394921.055760 23.586874
1413394921.155761 32.682666
1413394921.255760 25.046015
1413394921.355761 23.818057
1413394921.455760 24.295154
1413394921.555760 24.319782
1413394921.655761 24.315574
1413394921.755760 25.689562
1413394921.855761 23.878018
1413394921.955760 25.543119
1413394922.055760 22.765385
1413394922.155761 31.401210
1413394922.255760 64.957957
1413394922.355761 37.909610
1413394922.455760 25.007080
1413394922.555760 37.919308
1413394922.655761 24.008211
1413394922.755760 23.581428
1413394922.855761 23.730741
1413394922.955760 23.441790
1413394923.055760 22.965905
1413394923.155761 26.816534
1413394923.255760 23.453062
1413394923.355761 23.237370
1413394923.455760 22.191113
1413394923.555760 22.033801
1413394923.655761 22.472617
1413394923.755760 23.352148
1413394923.855761 22.865235
1413394923.955760 25.476801
1413394924.055760 21.128594
1413394924.155761 21.033893
1413394924.255760 22.397762
1413394924.355761 24.610656
1413394924.455760 56.691102
1413394924.555760 24.545038
1413394924.655761 23.283910
1413394924.755760 22.876109
1413394924.855761 22.934699
1413394924.905761 23.399925
1413394924.955760 22.595702
1413394925.005760 24.538805
1413394925.055760 24.678463
1413394925.105761 23.411391
1413394925.155761 21.951248
1413394925.205760 24.644550
1413394925.255760 22.040371
1413394925.305760 23.335832
1413394925.355761 22.789270
1413394925.405761 25.340326
1413394925.455760 25.256833
1413394925.505760 24.258427
1413394925.555760 21.880069
1413394925.605761 21.159383
1413394925.655761 21.146786
1413394925.705760 21.512327
1413394925.755760 22.695179
1413394925.805760 21.907345
1413394925.855761 22.116001
1413394925.905761 22.673589
1413394925.955760 22.744643
1413394926.005760 28.665369
1413394926.055760 24.297084
1413394926.105761 24.111841
1413394926.155761 24.707493
1413394926.205760 29.310537
1413394926.255760 24.030076
1413394926.305760 23.676398
1413394926.355761 23.773003
1413394926.405761 24.194283
1413394926.455760 25.837497
1413394926.505760 24.466786
1413394926.555760 24.016646
1413394926.605761 31.625379
1413394926.655761 27.553686
1413394926.705760 30.744358
1413394926.755760 25.116052
1413394926.805760 37.213570
1413394926.855761 24.368578
1413394926.905761 26.521498
1413394926.955760 22.518391
1413394927.005760 23.036259
1413394927.055760 25.247990
1413394927.105761 27.786650
1413394927.155761 24.447037
1413394927.205760 25.528717
1413394927.255760 25.254716
1413394927.305760 28.681097
1413394927.355761 24.236108
1413394927.405761 31.492833
1413394927.455760 24.747595
1413394927.505760 25.271225
1413394927.555760 25.992896
1413394927.605761 25.936780
1413394927.655761 24.101456
1413394927.705760 24.274357
1413394927.755760 26.800289
1413394927.805760 26.208725
1413394927.855761 28.132747
1413394927.905761 32.001178
1413394927.955760 25.116849
1413394928.005760 26.742259
1413394928.055760 27.416081
1413394928.105761 23.909368
1413394928.155761 26.347931
1413394928.205760 27.865925
1413394928.255760 31.020174
1413394928.305760 26.565818
1413394928.355761 24.450490
1413394928.405761 25.387212
1413394928.455760 29.308556
1413394928.505760 24.751182
1413394928.555760 31.742924
1413394928.605761 24.956296
1413394928.655761 30.747610
1413394928.705760 26.050196
1413394928.755760 24.542513
1413394928.805760 27.223191
1413394928.855761 27.506138
1413394928.905761 24.562004
1413394928.955760 25.031903
1413394929.005760 23.786344
1413394929.055760 24.419396
1413394929.105761 25.256017
1413394929.155761 26.359403
1413394929.205760 34.527718
1413394929.255760 27.189256
1413394929.305760 26.758024
1413394929.355761 29.088749
1413394929.405761 25.198848
1413394929.455760 25.344743
1413394929.505760 25.983394
1413394929.555760 26.849399
1413394929.605761 25.218707
1413394929.655761 29.209865
1413394929.705760 24.158749
1413394929.755760 23.552177
1413394929.805760 26.558204
1413394929.855761 28.379887
1413394929.905761 25.013863
1413394929.955760 24.323138
1413394930.005760 26.806564
1413394930.055760 26.933080
1413394930.105761 26.993912
1413394930.155761 26.910361
1413394930.205760 25.222346
1413394930.255760 26.441874
1413394930.305760 29.985936
1413394930.355761 26.425384
1413394930.405761 28.119748
1413394930.455760 26.897322
1413394930.505760 25.581091
1413394930.555760 27.857865
1413394930.605761 27.932566
1413394930.655761 27.943393
1413394930.705760 23.411435
1413394930.755760 25.262312
1413394930.805760 26.863749
1413394930.855761 29.709877
1413394930.905761 29.128408
1413394930.955760 26.464361
1413394931.005760 29.203304
1413394931.055760 24.461152
1413394931.105761 27.361488
1413394931.155761 27.792213
1413394931.205760 26.734470
1413394931.255760 25.358905
1413394931.305760 27.756907
1413394931.355761 24.585229
1413394931.405761 31.471664
1413394931.455760 28.847587
1413394931.505760 26.386029
1413394931.555760 25.474298
1413394931.605761 30.094205
1413394931.655761 25.636713
1413394931.705760 24.238906
1413394931.755760 28.166028
1413394931.805760 25.875488
1413394931.855761 25.932699
1413394931.905761 27.659145
1413394931.955760 25.124473
1413394932.005760 27.216910
1413394932.055760 27.413835
1413394932.105761 22.339910
1413394932.155761 22.464367
1413394932.205760 21.245203
1413394932.255760 29.454588
1413394932.305760 30.101070
1413394932.355761 24.252777
1413394932.405761 28.867328
1413394932.455760 28.955847
1413394932.505760 31.235721
1413394932.555760 23.544813
1413394932.605761 30.883929
1413394932.655761 24.958987
1413394932.705760 25.155486
1413394932.755760 24.078322
1413394932.805760 24.926685
1413394932.855761 24.488776
1413394932.905761 24.098393
1413394932.955760 25.431030
1413394933.005760 25.011160
1413394933.055760 24.603934
1413394933.105761 24.772624
1413394933.155761 24.177021
1413394933.205760 26.001494
1413394933.255760 23.659677
1413394933.305760 22.818315
1413394933.355761 23.136172
1413394933.405761 23.314578
1413394933.455760 24.106406
1413394933.505760 24.651463
1413394933.555760 23.856133
1413394933.605761 23.619441
1413394933.655761 26.408838
1413394933.705760 31.419327
1413394933.755760 28.256818
1413394933.805760 30.341445
1413394933.855761 28.603523
1413394933.905761 30.611791
1413394933.955760 23.450443
1413394934.005760 25.807749
1413394934.055760 23.804834
1413394934.105761 23.354607
1413394934.155761 31.273223
1413394934.205760 24.306992
1413394934.255760 26.109682
1413394934.305760 27.692145
1413394934.355761 23.993521
1413394934.405761 22.918586
1413394934.455760 31.055939
1413394934.505760 24.631647
1413394934.555760 24.867431
1413394934.605761 25.400192
1413394934.655761 25.167652
1413394934.705760 26.346794
1413394934.755760 29.918451
1413394934.805760 26.138171
1413394934.855761 30.244530
1413394934.905761 26.541166
1413394934.955760 33.401258
1413394935.005760 25.744236
1413394935.055760 26.526897
1413394935.105761 26.681270
1413394935.155761 26.585774
1413394935.205760 26.441302
1413394935.255760 28.060272
1413394935.305760 24.926333
1413394935.355761 26.905215
1413394935.405761 26.283831
1413394935.455760 26.000978
1413394935.505760 25.279640
1413394935.555760 25.209140
1413394935.605761 27.549345
1413394935.655761 25.909361
1413394935.705760 26.321458
1413394935.755760 26.851806
1413394935.805760 26.921169
1413394935.855761 27.421648
1413394935.905761 27.168099
1413394935.955760 28.455026
1413394936.005760 26.327821
1413394936.055760 26.292433
1413394936.105761 28.921710
1413394936.205760 30.462782
1413394936.255760 26.604775
1413394936.305760 29.459268
1413394936.405761 28.090027
1413394936.505760 26.923808
1413394936.605761 26.489855
1413394936.705760 23.514926
1413394936.805760 25.382136
1413394936.905761 24.003591
1413394937.005760 24.493061
1413394937.105761 26.715891
1413394937.205760 28.653476
1413394937.255760 26.061223
1413394937.305760 26.736695
1413394937.355761 26.505154
1413394937.455760 27.788635
1413394937.555760 25.245889
1413394937.655761 25.750730
1413394937.755760 22.746447
1413394937.855761 24.022241
1413394937.955760 23.181430
1413394938.055760 26.905995
1413394938.155761 23.700685
1413394938.255760 22.554488
1413394938.355761 23.149684
1413394938.455760 23.742869
1413394938.555760 22.973877
1413394938.655761 23.480607
1413394938.755760 23.238784
1413394938.855761 24.833205
1413394938.955760 24.535076
1413394939.055760 24.683317
1413394939.155761 24.253509
1413394939.255760 26.818732
1413394939.355761 25.965260
1413394939.455760 25.257477
1413394939.555760 25.453742
1413394939.655761 27.537392
1413394939.755760 24.152652
1413394939.855761 25.513330
1413394939.955760 24.564272
1413394940.055760 25.270953
1413394940.155761 25.040949
1413394940.255760 25.050805
1413394940.355761 24.897431
1413394940.455760 25.458233
1413394940.555760 26.571430
1413394940.655761 26.329273
1413394940.755760 26.603906
1413394940.855761 27.606398
1413394940.955760 32.482349
1413394941.005760 27.666952
1413394941.055760 35.712745
1413394941.105761 35.607465
1413394941.205760 28.316687
1413394941.305760 34.071018
1413394941.405761 25.827785
1413394941.505760 31.908393
1413394941.605761 28.133547
1413394941.705760 35.795920
1413394941.755760 27.318196
1413394941.805760 27.569555
1413394941.855761 29.861359
1413394941.905761 26.007689
1413394941.955760 25.374078
1413394942.005760 25.781388
1413394942.055760 29.439235
1413394942.105761 25.657794
1413394942.155761 25.884151
1413394942.205760 34.937759
1413394942.255760 26.332398
1413394942.305760 34.569608
1413394942.355761 26.897644
1413394942.405761 27.944981
1413394942.455760 26.677444
1413394942.505760 26.470702
1413394942.555760 23.787512
1413394942.605761 24.430019
1413394942.655761 27.221553
1413394942.705760 25.420832
1413394942.755760 26.833499
1413394942.805760 26.486004
1413394942.855761 25.706141
1413394942.905761 32.993338
1413394942.955760 25.279937
1413394943.005760 26.696129
1413394943.055760 24.845667
1413394943.105761 22.669394
1413394943.155761 21.580485
1413394943.205760 24.644961
1413394943.255760 23.527807
1413394943.305760 23.573127
1413394943.355761 22.072364
1413394943.405761 25.787422
1413394943.455760 25.331313
1413394943.505760 24.288273
1413394943.555760 26.957350
1413394943.605761 22.258900
1413394943.655761 22.902259
1413394943.705760 29.588170
1413394943.755760 24.164572
1413394943.805760 24.105786
1413394943.855761 24.014661
1413394943.905761 22.560820
1413394943.955760 26.195240
1413394944.005760 26.302454
1413394944.055760 24.003724
1413394944.105761 24.702337
1413394944.155761 24.031504
1413394944.205760 23.812130
1413394944.255760 25.526146
1413394944.305760 25.880833
1413394944.355761 25.020947
1413394944.405761 26.109659
1413394944.455760 26.243342
1413394944.505760 25.859480
1413394944.555760 24.338176
1413394944.605761 26.442306
1413394944.655761 27.906386
1413394944.705760 26.737635
1413394944.755760 24.043815
1413394944.805760 25.268729
1413394944.855761 25.578626
1413394944.905761 23.494599
1413394944.955760 24.027806
1413394945.005760 24.093749
1413394945.055760 24.356433
1413394945.105761 22.929770
1413394945.155761 22.239867
1413394945.205760 26.387265
1413394945.255760 23.205831
1413394945.305760 22.704383
1413394945.355761 23.363853
1413394945.405761 23.843901
1413394945.455760 26.780079
1413394945.505760 25.413300
1413394945.555760 25.586581
1413394945.605761 25.973325
1413394945.655761 24.980832
1413394945.705760 23.226892
1413394945.755760 26.151164
1413394945.805760 23.761755
1413394945.855761 26.959734
1413394945.905761 24.947151
1413394945.955760 24.299199
1413394946.005760 23.747234
1413394946.055760 31.536057
1413394946.155761 27.160540
1413394946.205760 25.350542
1413394946.255760 28.492026
1413394946.355761 25.368475
1413394946.455760 26.164478
1413394946.555760 26.916941
1413394946.655761 27.287307
1413394946.755760 26.514672
1413394946.855761 30.862514
1413394946.955760 24.891109
1413394947.055760 29.232808
1413394947.155761 26.603374
1413394947.255760 31.692108
1413394947.355761 25.506970
1413394947.455760 29.923301
1413394947.555760 25.822638
1413394947.655761 27.963234
1413394947.755760 23.484885
1413394947.855761 25.668382
1413394947.955760 24.597670
1413394948.055760 30.678531
1413394948.155761 23.482133
1413394948.255760 27.571244
1413394948.355761 24.422562
1413394948.455760 24.714679
1413394948.555760 23.269233
1413394948.655761 25.349830
1413394948.755760 26.040213
1413394948.855761 24.592437
1413394948.955760 62.259297
1413394949.055760 25.974345
1413394949.155761 23.083274
1413394949.255760 24.632779
1413394949.355761 24.377311
1413394949.455760 28.655821
1413394949.555760 23.877836
1413394949.655761 30.019943
1413394949.755760 24.480592
1413394949.855761 26.062878
1413394949.955760 23.989419
1413394950.055760 23.215778
1413394950.155761 63.453045
1413394950.255760 35.190970
1413394950.355761 25.855791
1413394950.455760 28.372585
1413394950.555760 23.494243
1413394950.655761 26.657497
1413394950.755760 25.154324
1413394950.855761 27.333620
1413394950.955760 21.980855
1413394951.055760 22.060522
1413394951.155761 22.331920
1413394951.255760 23.832888
1413394951.355761 20.163579
1413394951.455760 25.036573
1413394951.555760 26.600998
1413394951.655761 27.808611
1413394951.755760 24.723886
1413394951.855761 26.162942
1413394951.955760 24.716481
1413394952.055760 24.191815
1413394952.155761 23.192406
1413394952.255760 23.335042
1413394952.355761 22.978476
1413394952.455760 24.754251
1413394952.555760 25.477897
1413394952.655761 24.925721
1413394952.755760 44.846556
1413394952.855761 22.325457
1413394952.955760 21.250269
1413394953.055760 22.341007
1413394953.155761 24.107967
1413394953.255760 26.715659
1413394953.355761 21.099321
1413394953.455760 24.256034
1413394953.555760 23.194044
1413394953.655761 23.275022
1413394953.755760 26.348017
1413394953.855761 27.719782
1413394953.955760 26.332321
1413394954.055760 25.977619
1413394954.155761 24.622849
1413394954.255760 27.497654
1413394954.355761 27.244721
1413394954.455760 27.053861
1413394954.555760 26.152580
1413394954.655761 25.250841
1413394954.755760 27.770579
1413394954.855761 30.997040
1413394954.955760 27.668183
1413394955.055760 27.991941
1413394955.155761 29.616043
1413394955.255760 27.353018
1413394955.355761 26.175852
1413394955.455760 25.074481
1413394955.555760 25.296346
1413394955.655761 27.655058
1413394955.755760 24.760259
1413394955.855761 29.299432
1413394955.905761 26.766198
1413394955.955760 25.240826
1413394956.005760 25.889317
1413394956.105761 27.886392
1413394956.205760 25.991895
1413394956.305760 26.989883
1413394956.405761 25.180245
1413394956.505760 28.940729
1413394956.605761 25.321549
1413394956.655761 22.341834
1413394956.705760 27.205653
1413394956.755760 26.787142
1413394956.805760 25.071170
1413394956.855761 26.822411
1413394956.905761 26.957928
1413394956.955760 28.384412
1413394957.005760 25.327571
1413394957.055760 26.103205
1413394957.105761 23.161854
1413394957.155761 26.088921
1413394957.205760 25.314409
1413394957.255760 25.646817
1413394957.305760 25.670248
1413394957.355761 28.995165
1413394957.405761 26.940412
1413394957.455760 28.053082
1413394957.505760 25.338406
1413394957.555760 26.710660
1413394957.605761 24.907045
1413394957.655761 26.209080
1413394957.705760 25.776627
1413394957.755760 24.929990
1413394957.805760 25.958594
1413394957.855761 27.219219
1413394957.905761 25.781582
1413394957.955760 29.130702
1413394958.005760 25.001097
1413394958.055760 31.935045
1413394958.105761 24.902081
1413394958.155761 33.592052
1413394958.205760 25.790301
1413394958.255760 28.935902
1413394958.305760 26.755094
1413394958.355761 27.552285
1413394958.405761 28.967777
1413394958.455760 25.801085
1413394958.505760 25.036539
1413394958.555760 29.119267
1413394958.605761 26.545470
1413394958.655761 25.354619
1413394958.705760 26.984512
1413394958.755760 26.665460
1413394958.805760 26.040113
1413394958.855761 25.153225
1413394958.905761 25.246232
1413394958.955760 31.928684
1413394959.005760 25.614447
1413394959.055760 24.483550
1413394959.105761 26.513378
1413394959.155761 25.049369
1413394959.205760 26.048057
1413394959.255760 24.726992
1413394959.305760 29.430971
1413394959.355761 26.651368
1413394959.405761 26.583177
1413394959.455760 26.050887
1413394959.505760 23.311816
1413394959.555760 25.888009
1413394959.605761 26.905706
1413394959.655761 25.168017
1413394959.705760 25.132123
1413394959.755760 28.894004
1413394959.805760 25.370348
1413394959.855761 25.776407
1413394959.905761 26.407823
1413394959.955760 28.803208
1413394960.005760 24.180733
1413394960.055760 28.786975
1413394960.105761 25.268784
1413394960.155761 22.799676
1413394960.205760 25.583279
1413394960.255760 24.496090
1413394960.305760 22.777811
1413394960.355761 28.293347
1413394960.405761 26.174877
1413394960.455760 26.789050
1413394960.505760 26.360310
1413394960.555760 25.411050
1413394960.605761 26.469270
1413394960.655761 28.807830
1413394960.705760 24.880109
1413394960.755760 25.962577
1413394960.805760 24.178823
1413394960.855761 25.283270
1413394960.905761 28.735257
1413394960.955760 23.984909
1413394961.005760 25.138870
1413394961.055760 26.561863
1413394961.105761 27.403215
1413394961.155761 26.801872
1413394961.205760 23.615890
1413394961.255760 24.318493
1413394961.305760 26.576293
1413394961.355761 27.247407
1413394961.405761 36.468155
1413394961.455760 34.322453
1413394961.505760 32.459171
1413394961.555760 27.263250
1413394961.605761 25.276802
1413394961.655761 25.298759
1413394961.705760 30.478233
1413394961.755760 27.724642
1413394961.805760 29.983341
1413394961.855761 23.594013
1413394961.905761 25.206037
1413394961.955760 25.590155
1413394962.005760 27.313795
1413394962.055760 25.828452
1413394962.105761 25.833711
1413394962.155761 35.641036
1413394962.205760 28.782144
1413394962.255760 26.895167
1413394962.305760 28.810979
1413394962.355761 26.309890
1413394962.405761 27.420235
1413394962.455760 26.932181
1413394962.505760 29.224122
1413394962.555760 28.372559
1413394962.605761 23.081325
1413394962.655761 34.474682
1413394962.705760 25.922965
1413394962.755760 30.881641
1413394962.805760 28.097366
1413394962.855761 31.863691
1413394962.905761 26.260045
1413394962.955760 26.552353
1413394963.005760 24.913969
1413394963.055760 25.685635
1413394963.105761 25.886519
1413394963.155761 27.623617
1413394963.205760 25.168503
1413394963.255760 27.194076
1413394963.305760 28.729104
1413394963.355761 28.619237
1413394963.405761 25.808490
1413394963.455760 26.214027
1413394963.505760 24.453924
1413394963.555760 31.985108
1413394963.605761 24.798041
1413394963.655761 26.379072
1413394963.705760 25.667979
1413394963.755760 27.451321
1413394963.805760 25.047932
1413394963.855761 23.226386
1413394963.905761 25.052716
1413394963.955760 25.092547
1413394964.005760 25.676396
1413394964.055760 26.057426
1413394964.105761 30.150274
1413394964.155761 26.590672
1413394964.205760 24.215666
1413394964.255760 23.641533
1413394964.305760 24.023868
1413394964.355761 31.143434
1413394964.405761 26.836311
1413394964.455760 23.130738
1413394964.505760 24.877799
1413394964.555760 26.380018
1413394964.605761 25.123786
1413394964.655761 23.752541
1413394964.705760 28.609721
1413394964.755760 27.668492
1413394964.805760 26.960241
1413394964.855761 29.108719
1413394964.905761 23.737407
1413394964.955760 24.540507
1413394965.005760 30.921048
1413394965.055760 30.175398
1413394965.105761 31.354608
1413394965.155761 27.220775
1413394965.205760 23.438510
1413394965.255760 27.323534
1413394965.305760 24.230247
1413394965.355761 32.910694
1413394965.405761 23.801826
1413394965.455760 23.388409
1413394965.505760 28.712089
1413394965.555760 21.603171
1413394965.605761 25.109160
1413394965.655761 22.486106
1413394965.705760 22.459804
1413394965.755760 27.939236
1413394965.805760 27.782897
1413394965.855761 32.700103
1413394965.905761 26.906269
1413394965.955760 26.953834
1413394966.005760 24.997605
1413394966.055760 23.202240
1413394966.105761 23.446646
1413394966.155761 24.489359
1413394966.205760 26.436234
1413394966.255760 23.721527
1413394966.305760 24.890703
1413394966.355761 29.952558
1413394966.405761 26.776293
1413394966.455760 26.740781
1413394966.505760 26.565124
1413394966.555760 28.554148
1413394966.605761 25.880702
1413394966.655761 30.952935
1413394966.705760 26.139549
1413394966.755760 23.289429
1413394966.805760 26.023597
1413394966.855761 25.554255
1413394966.905761 22.536517
1413394966.955760 30.637287
1413394967.005760 24.512841
1413394967.055760 27.666231
1413394967.105761 30.245318
1413394967.155761 27.320689
1413394967.205760 50.511362
1413394967.255760 29.238730
1413394967.305760 24.815119
1413394967.355761 26.223283
1413394967.405761 23.321899
1413394967.455760 30.771198
1413394967.505760 24.005697
1413394967.555760 28.475245
1413394967.605761 22.824591
1413394967.655761 27.003211
1413394967.705760 29.241603
1413394967.755760 30.490424
1413394967.805760 23.461327
1413394967.855761 25.649669
1413394967.905761 22.306686
1413394967.955760 25.020220
1413394968.005760 23.098720
1413394968.055760 24.777494
1413394968.105761 24.008613
1413394968.155761 23.963453
1413394968.205760 25.566071
1413394968.255760 23.224911
1413394968.305760 24.773615
1413394968.355761 25.865195
1413394968.405761 25.934911
1413394968.455760 34.922839
1413394968.505760 25.472587
1413394968.555760 32.448355
1413394968.605761 27.072373
1413394968.655761 30.010951
1413394968.705760 26.468792
1413394968.755760 27.045134
1413394968.805760 27.698621
1413394968.855761 27.481043
1413394968.905761 30.039038
1413394968.955760 31.132772
1413394969.005760 26.443557
1413394969.055760 29.567417
1413394969.155761 26.522214
1413394969.255760 23.975812
1413394969.355761 25.738881
1413394969.455760 21.807035
1413394969.555760 22.055398
1413394969.655761 21.951970
1413394969.755760 23.390377
1413394969.855761 29.219885
1413394969.955760 23.300301
1413394970.055760 25.218148
1413394970.155761 25.816912
1413394970.255760 24.533201
1413394970.355761 22.326492
1413394970.455760 24.624545
1413394970.555760 23.634650
1413394970.655761 24.419778
1413394970.755760 22.366231
1413394970.855761 23.833760
1413394970.955760 24.545610
1413394971.055760 24.057734
1413394971.155761 22.908918
1413394971.255760 24.758736
1413394971.355761 24.372522
1413394971.455760 23.351275
1413394971.555760 23.420014
1413394971.655761 23.979868
1413394971.755760 28.038304
1413394971.855761 25.049064
1413394971.955760 23.740871
1413394972.055760 25.351745
1413394972.155761 24.177123
1413394972.255760 23.407622
1413394972.355761 26.594265
1413394972.455760 29.053732
1413394972.555760 28.871872
1413394972.655761 31.664667
1413394972.755760 25.844176
1413394972.855761 38.286859
1413394972.955760 32.105321
1413394973.005760 32.179044
1413394973.055760 24.660767
1413394973.105761 30.103736
1413394973.155761 25.659217
1413394973.205760 24.845525
1413394973.255760 28.866035
1413394973.305760 34.632576
1413394973.355761 24.493328
1413394973.405761 26.996364
1413394973.455760 24.232127
1413394973.505760 28.857010
1413394973.555760 23.137421
1413394973.605761 24.620293
1413394973.655761 23.238397
1413394973.705760 24.562568
1413394973.755760 23.299001
1413394973.805760 23.890599
1413394973.855761 27.668834
1413394973.905761 26.080696
1413394973.955760 24.752446
1413394974.005760 23.408733
1413394974.055760 26.129019
1413394974.105761 25.621216
1413394974.155761 23.442215
1413394974.205760 22.367642
1413394974.255760 24.901779
1413394974.305760 27.179452
1413394974.355761 22.380265
1413394974.405761 23.935083
1413394974.455760 24.203409
1413394974.505760 23.796068
1413394974.555760 23.929311
1413394974.605761 26.051908
1413394974.655761 25.114940
1413394974.705760 25.053765
1413394974.755760 24.229241
1413394974.805760 24.273039
1413394974.855761 22.207324
1413394974.905761 26.444670
1413394974.955760 24.118960
1413394975.005760 25.683192
1413394975.055760 33.223407
1413394975.105761 26.483565
1413394975.155761 24.275717
1413394975.205760 28.460301
1413394975.255760 25.042294
1413394975.305760 24.497618
1413394975.355761 26.621894
1413394975.405761 27.960275
1413394975.455760 27.333695
1413394975.505760 27.458121
1413394975.555760 26.025391
1413394975.605761 28.787650
1413394975.655761 26.584545
1413394975.755760 29.181754
1413394975.805760 26.531530
1413394975.855761 26.915692
1413394975.955760 26.917618
1413394976.055760 27.833861
1413394976.155761 25.055046
1413394976.255760 28.269951
1413394976.355761 26.716821
1413394976.455760 27.662798
1413394976.505760 25.845071
1413394976.605761 26.390205
1413394976.705760 29.460763
1413394976.755760 28.245329
1413394976.805760 24.810349
1413394976.855761 27.857689
1413394976.905761 27.683432
1413394976.955760 26.092329
1413394977.005760 26.348238
1413394977.105761 27.873574
1413394977.155761 26.304281
1413394977.205760 27.691568
1413394977.305760 30.413261
1413394977.405761 24.714173
1413394977.505760 26.751436
1413394977.605761 26.204791
1413394977.705760 24.244515
1413394977.805760 29.409559
1413394977.905761 27.333293
1413394978.005760 31.338918
1413394978.105761 29.636892
1413394978.155761 33.931382
1413394978.205760 27.209497
1413394978.255760 34.978885
1413394978.305760 25.818649
1413394978.355761 28.068090
1413394978.405761 25.396535
1413394978.455760 25.237381
1413394978.505760 25.843217
1413394978.555760 25.028482
1413394978.605761 26.511460
1413394978.655761 28.973484
1413394978.705760 25.497891
1413394978.755760 26.309450
1413394978.805760 31.892883
1413394978.855761 26.835795
1413394978.905761 26.929839
1413394978.955760 27.008943
1413394979.005760 27.708810
1413394979.055760 25.392089
1413394979.105761 24.911330
1413394979.155761 27.042694
1413394979.205760 25.688945
1413394979.255760 23.032448
1413394979.305760 26.427872
1413394979.355761 24.649722
1413394979.405761 27.525305
1413394979.455760 25.372309
1413394979.505760 31.216984
1413394979.555760 25.378222
1413394979.605761 25.227221
1413394979.655761 22.542048
1413394979.705760 25.350613
1413394979.755760 26.139380
1413394979.805760 25.577908
1413394979.855761 26.645459
1413394979.905761 24.936771
1413394979.955760 25.330562
1413394980.005760 25.441552
1413394980.055760 32.097270
1413394980.105761 24.847689
1413394980.155761 26.141722
1413394980.205760 22.640501
1413394980.255760 26.356485
1413394980.305760 23.848619
1413394980.355761 25.683632
1413394980.405761 24.974911
1413394980.455760 31.853004
1413394980.505760 25.220190
1413394980.555760 25.550780
1413394980.605761 26.794132
1413394980.655761 31.324288
1413394980.705760 24.251233
1413394980.755760 24.263896
1413394980.805760 24.456878
1413394980.855761 24.991010
1413394980.905761 26.761091
1413394980.955760 28.172838
1413394981.005760 25.447775
1413394981.055760 25.715331
1413394981.105761 24.938489
1413394981.155761 25.180677
1413394981.205760 31.930400
1413394981.255760 26.906049
1413394981.305760 25.264650
1413394981.355761 32.155660
1413394981.405761 26.508458
1413394981.455760 26.436917
1413394981.505760 26.227188
1413394981.555760 25.996932
1413394981.605761 24.509159
1413394981.655761 27.478903
1413394981.705760 27.999309
1413394981.755760 27.589934
1413394981.805760 28.911168
1413394981.855761 28.664184
1413394981.905761 25.925782
1413394981.955760 25.986206
1413394982.005760 26.881921
1413394982.055760 27.514126
1413394982.105761 27.273549
1413394982.155761 27.205274
1413394982.205760 28.731908
1413394982.255760 27.973019
1413394982.305760 26.315577
1413394982.355761 26.498354
1413394982.405761 24.530822
1413394982.455760 33.908009
1413394982.505760 31.848216
1413394982.555760 25.444440
1413394982.605761 26.481480
1413394982.655761 25.811997
1413394982.705760 25.626939
1413394982.755760 25.537601
1413394982.805760 25.967809
1413394982.855761 26.843022
1413394982.905761 28.860739
1413394983.005760 36.305640
1413394983.105761 28.711025
1413394983.205760 30.206472
1413394983.305760 28.355289
1413394983.405761 26.131472
1413394983.505760 27.577053
1413394983.605761 26.385728
1413394983.705760 26.770513
1413394983.805760 25.520983
1413394983.905761 22.715593
1413394984.005760 24.159755
1413394984.105761 23.884121
1413394984.205760 24.766958
1413394984.305760 23.181403
1413394984.405761 24.854515
1413394984.505760 26.251679
1413394984.605761 23.657118
1413394984.705760 23.577244
1413394984.805760 24.136425
1413394984.905761 23.256266
1413394985.005760 23.682362
1413394985.105761 22.805412
1413394985.205760 28.780085
1413394985.305760 22.655319
1413394985.405761 25.323262
1413394985.505760 23.104035
1413394985.605761 27.268382
1413394985.705760 24.160174
1413394985.805760 25.110541
1413394985.905761 24.545544
1413394986.005760 26.490312
1413394986.105761 27.811740
1413394986.205760 23.989424
1413394986.305760 22.974767
1413394986.405761 23.870712
1413394986.505760 23.425337
1413394986.605761 31.352974
1413394986.705760 23.661677
1413394986.805760 25.598747
1413394986.905761 24.221840
1413394987.005760 32.618237
1413394987.105761 22.796398
1413394987.205760 23.215699
1413394987.305760 31.080095
1413394987.405761 31.177591
1413394987.505760 28.432486
1413394987.605761 25.009496
1413394987.705760 20.119263
1413394987.805760 19.987777
1413394987.905761 21.297460
1413394988.005760 20.892042
1413394988.105761 21.164752
1413394988.205760 24.819517
1413394988.305760 19.601543
1413394988.405761 21.435821
1413394988.505760 40.181774
1413394988.605761 24.645531
1413394988.705760 23.021523
1413394988.805760 21.816473
1413394988.905761 22.547245
1413394989.005760 21.775054
1413394989.105761 22.408017
1413394989.205760 24.989466
1413394989.305760 21.838889
1413394989.405761 22.511436
1413394989.505760 25.740181
1413394989.605761 23.299960
1413394989.705760 23.801311
1413394989.805760 25.043568
1413394989.905761 24.941554
1413394990.005760 24.810705
1413394990.105761 23.842711
1413394990.155761 25.829600
1413394990.205760 25.475986
1413394990.255760 28.233466
1413394990.355761 26.116646
1413394990.405761 27.588640
1413394990.455760 25.902209
1413394990.505760 28.727443
1413394990.555760 24.732368
1413394990.605761 33.296728
1413394990.655761 24.692311
1413394990.705760 27.188573
1413394990.755760 25.783165
1413394990.805760 26.476775
1413394990.855761 27.117358
1413394990.905761 30.069749
1413394990.955760 26.628615
1413394991.005760 23.342618
1413394991.055760 27.108735
1413394991.105761 24.774966
1413394991.155761 25.217994
1413394991.205760 24.719893
1413394991.255760 25.827147
1413394991.305760 26.552932
1413394991.355761 25.402853
1413394991.405761 24.973923
1413394991.455760 25.053730
1413394991.505760 23.994201
1413394991.555760 24.548018
1413394991.605761 23.964155
1413394991.655761 26.323845
1413394991.705760 33.832717
1413394991.755760 25.449726
1413394991.805760 25.936746
1413394991.855761 30.788263
1413394991.905761 26.026068
1413394991.955760 26.213925
1413394992.005760 26.400727
1413394992.055760 25.214995
1413394992.105761 34.396144
1413394992.155761 26.491910
1413394992.205760 26.227316
1413394992.255760 26.220222
1413394992.305760 25.861440
1413394992.355761 24.871692
1413394992.405761 24.761818
1413394992.455760 25.424767
1413394992.505760 24.669270
1413394992.555760 24.540089
1413394992.605761 24.146372
1413394992.655761 26.316570
1413394992.705760 26.392365
1413394992.755760 26.888633
1413394992.805760 25.878257
1413394992.855761 26.185796
1413394992.905761 26.589875
1413394992.955760 25.154394
1413394993.005760 24.391038
1413394993.055760 25.383134
1413394993.105761 25.545355
1413394993.155761 40.402409
1413394993.205760 26.743895
1413394993.255760 26.231894
1413394993.305760 33.004648
1413394993.355761 26.386869
1413394993.405761 27.192602
1413394993.455760 28.609641
1413394993.505760 27.529443
1413394993.555760 24.651428
1413394993.605761 31.849826
1413394993.655761 24.575517
1413394993.705760 24.365164
1413394993.755760 25.431514
1413394993.805760 31.652275
1413394993.855761 23.252184
1413394993.905761 25.439509
1413394993.955760 24.558105
1413394994.005760 28.493821
1413394994.055760 25.234432
1413394994.105761 24.542063
1413394994.155761 23.636901
1413394994.205760 25.570882
1413394994.305760 26.316988
1413394994.405761 25.490562
1413394994.505760 25.740199
1413394994.605761 25.107332
1413394994.705760 25.466673
1413394994.805760 26.528673
1413394994.905761 24.273613
1413394995.005760 25.369869
1413394995.105761 25.637098
1413394995.205760 27.088878
1413394995.305760 26.671000
1413394995.405761 26.654524
1413394995.505760 27.709890
1413394995.605761 26.989350
1413394995.705760 25.520720
1413394995.805760 25.638048
1413394995.905761 25.150962
1413394996.005760 27.313033
1413394996.105761 25.928597
1413394996.205760 28.755635
1413394996.305760 25.483576
1413394996.405761 23.700523
1413394996.505760 22.604949
1413394996.605761 22.966215
1413394996.705760 22.448945
1413394996.805760 31.356725
1413394996.905761 30.820763
1413394997.005760 15.648199
1413394997.105761 13.641036
1413394997.205760 14.151715
1413394997.305760 13.119618
1413394997.405761 22.191005
1413394997.505760 22.472569
1413394997.605761 13.888186
1413394997.705760 13.588512
1413394997.805760 22.976683
1413394997.905761 14.815044
1413394998.005760 16.565050
1413394998.105761 22.497182
1413394998.205760 14.197182
1413394998.305760 22.863017
